sample_uid	A1	C15	C15ev	C15by	C116aa	C15ai	16589_C	10255_C	C15wu	C15ad	C93l	C15dt	C15ks	67579_C	C15pm	C15tf	C116	C116ab	3075641_C	69713_C	C15qx	54734_C	C15jr	10257_C	C15gk	C15kl	139454_C	13451_C	C15gu	C15er	C15vq	7149_C	C15je	4548_C	C15ct	604_C	C15cn	C15ir	C15bb	C15sw	38402_C	4712_C	4686_C	139579_C	14683_C	C15ou	C15dn	C15bo	C116bf	154454_C	C15jk	C15qn	16193_C	139827_C	3089325_C	20702_C	C116ak	C15kt	C15bn	C116i	C116ao	4284019_C	C3pa	22917_C	17354_C	21431_C	151947_C	3085819_C	C15mg	C15af	54722_C	350908_C	C15bc	C15gr	C15ed	5144099_C	C15we	564_C	D1	D2ac	D2	D2d	D6	5144098_D	D1z	D1np	D17o	D4	D5
220331	0	20212	279	581	0	168	370	0	289	0	0	257	300	0	261	0	0	0	0	0	229	271	0	260	191	145	0	0	0	216	0	0	0	0	0	0	0	0	0	0	0	0	0	0	127	0	0	0	0	130	0	0	0	0	0	0	0	0	0	0	0	0	0	0	124	0	0	0	0	0	0	0	0	0	0	0	0	0	0	0	0	0	0	0	0	0	0	0	0
220339	0	21210	301	593	0	160	412	0	353	0	0	277	348	0	241	0	0	0	0	0	244	238	0	288	209	177	0	0	0	178	0	0	0	0	136	0	0	0	0	0	0	0	135	0	0	0	0	0	0	138	0	0	0	0	0	0	0	0	0	0	0	0	0	0	0	0	0	0	0	0	0	0	0	0	0	0	0	0	0	0	0	0	0	0	0	0	0	0	0
220341	0	21981	258	657	0	182	361	0	331	0	0	294	285	0	261	0	0	0	0	0	271	258	0	317	207	208	0	0	0	219	0	0	0	0	0	0	0	0	151	0	0	0	140	0	129	0	0	0	157	0	0	0	0	0	0	0	0	0	0	0	0	0	0	0	0	0	0	0	0	0	0	0	0	0	0	0	0	0	0	0	0	0	0	0	0	0	0	0	0
220338	0	21667	300	492	0	144	503	0	333	0	0	282	365	0	262	0	0	0	0	0	294	301	0	459	203	188	0	0	0	203	0	0	0	0	0	0	0	0	0	0	0	0	125	0	119	0	0	0	0	0	0	0	0	0	0	0	0	0	0	0	0	0	0	0	0	0	0	0	0	0	0	0	0	133	0	0	0	0	0	0	0	0	0	0	0	0	0	0	0
220332	0	28658	345	770	0	243	545	0	441	0	0	361	402	0	303	0	0	0	0	0	337	325	194	358	267	253	0	0	0	311	0	0	0	0	187	0	0	0	0	0	0	0	230	0	196	0	0	0	191	195	0	0	0	0	0	0	0	0	0	0	0	0	0	0	0	0	0	0	0	0	0	0	0	0	0	0	0	0	0	0	0	0	0	0	0	0	0	0	0
220342	0	16183	199	411	0	168	301	0	221	0	0	201	242	0	181	0	0	0	0	0	188	177	100	203	129	129	0	279	0	173	0	0	0	0	0	0	0	0	0	0	0	0	0	0	117	0	0	0	0	115	0	0	0	0	0	0	0	117	0	0	0	0	0	0	0	0	0	0	0	0	0	0	0	0	0	0	0	0	0	0	0	0	0	0	0	0	0	0	0
220334	0	22175	256	643	0	180	368	0	320	0	0	250	336	0	256	0	0	0	0	0	278	279	187	297	193	212	0	354	0	160	0	0	0	0	174	0	0	0	0	0	0	0	0	0	150	0	0	0	165	0	0	0	0	0	0	0	0	159	0	0	0	0	0	0	0	0	0	0	0	0	0	0	0	0	0	0	0	0	0	0	0	0	0	0	0	0	0	0	0
220333	0	23076	284	586	0	184	425	0	362	0	0	328	359	0	241	0	0	0	0	0	266	296	0	255	186	211	0	295	0	192	0	0	0	0	136	0	0	0	0	0	0	0	157	0	155	0	0	0	142	142	0	0	0	0	0	0	0	174	0	0	0	0	0	0	0	0	129	0	0	0	0	0	0	0	0	0	0	0	0	0	0	0	0	0	0	0	0	0	0
220337	0	21396	273	656	0	228	392	0	323	0	0	289	363	0	238	0	0	0	0	0	263	272	0	278	208	189	0	0	0	231	0	0	0	0	0	0	0	0	130	0	0	0	166	0	133	0	0	0	139	154	116	0	0	0	0	0	0	0	0	0	0	0	0	0	133	0	0	0	0	0	0	0	0	0	0	0	0	0	0	0	0	0	0	0	0	0	0	0	0
220336	0	20721	277	639	0	178	395	0	313	0	0	242	294	0	222	0	0	0	0	0	253	229	0	296	252	194	0	0	0	209	0	0	0	0	152	0	0	0	0	0	0	0	0	0	149	0	0	0	160	150	108	0	0	0	0	0	0	111	0	0	0	0	0	0	131	0	0	0	0	0	123	0	0	0	0	0	0	0	0	0	0	0	0	0	0	0	0	0	0
220335	0	21063	267	590	0	156	368	0	299	0	0	246	347	0	251	0	0	0	0	0	270	256	0	268	200	210	0	332	0	168	0	0	0	0	131	0	0	0	130	0	0	0	173	0	143	0	0	0	158	142	0	0	0	0	0	0	0	0	0	0	0	0	0	0	0	0	0	0	0	0	0	0	0	0	0	0	0	116	0	0	0	0	0	0	0	0	0	0	0
220340	0	24800	374	680	0	214	459	0	404	0	0	336	425	0	252	0	0	0	0	0	294	317	0	342	237	249	0	0	0	233	0	0	0	0	158	0	0	0	143	0	0	0	166	0	153	0	0	0	163	162	0	0	0	0	0	0	0	175	0	0	0	0	0	0	137	0	0	0	0	0	154	0	0	0	0	0	0	0	0	0	0	0	0	0	0	0	0	0	0
220346	0	23225	0	0	748	308	0	568	0	367	716	0	0	0	0	642	335	263	0	0	0	0	0	0	0	0	413	0	0	0	0	0	0	0	0	0	0	0	0	0	0	0	0	0	0	0	0	0	0	0	0	0	0	0	0	0	0	0	0	0	0	0	0	0	0	0	0	0	0	0	0	0	0	0	0	0	0	0	0	0	0	0	0	0	0	0	0	0	0
220360	0	19204	0	309	241	346	201	0	154	244	0	0	148	0	0	0	230	157	0	0	0	0	113	0	129	0	0	0	131	115	0	0	0	0	195	0	0	0	222	0	0	0	113	0	0	0	0	0	0	0	145	0	0	0	0	0	0	0	0	0	0	0	0	0	0	0	0	0	0	0	0	0	0	0	0	0	0	0	0	0	0	0	0	0	0	0	0	0	0
220345	0	21281	0	0	718	284	0	527	0	327	586	0	0	0	0	558	338	213	0	0	0	0	0	0	0	0	397	0	187	0	0	0	0	0	0	0	0	0	0	0	0	0	0	0	0	0	0	0	0	0	0	0	0	0	0	0	0	0	0	0	0	0	0	0	0	0	0	0	0	0	0	0	0	0	0	0	0	0	0	0	0	0	0	0	0	0	0	0	0
220350	0	19767	0	0	658	283	0	584	0	310	621	0	0	0	0	595	209	202	0	0	0	0	0	0	0	0	392	0	177	0	0	0	0	0	0	0	0	0	0	0	0	0	0	0	0	0	0	0	0	0	0	0	0	0	0	0	0	0	0	0	0	0	0	0	0	0	0	0	0	0	0	0	0	0	0	0	0	0	0	5	0	0	0	0	0	0	0	0	0
220344	0	22714	0	0	816	282	0	692	0	335	817	0	0	0	0	589	303	255	0	0	0	0	0	0	0	0	393	0	183	0	0	0	0	0	0	0	0	0	0	0	0	0	0	0	0	0	0	0	0	0	0	0	0	0	0	0	0	0	0	0	0	186	0	0	0	0	0	0	0	0	0	0	0	0	0	0	0	0	0	0	0	0	0	0	0	0	0	0	0
220349	0	28018	0	0	1008	368	0	806	0	406	901	0	0	0	0	793	423	278	0	0	0	0	0	0	0	0	501	0	235	0	0	0	0	0	0	0	0	0	0	0	0	0	0	0	0	0	0	0	0	0	0	0	0	0	0	0	0	0	0	0	0	172	0	0	0	0	0	0	0	204	0	0	0	0	0	0	0	0	0	0	0	0	0	0	0	0	0	0	0
220343	0	21205	114	0	591	249	0	507	0	249	587	0	0	0	0	523	259	170	0	0	0	0	142	0	0	0	308	0	154	0	0	0	0	0	0	0	0	0	0	0	0	0	0	0	0	0	0	0	0	0	0	0	0	0	0	0	0	0	0	0	0	175	0	0	0	0	0	0	0	117	0	0	0	0	121	0	0	0	0	0	0	0	0	0	0	0	0	0	0
220361	10	21072	0	0	667	618	0	0	0	975	338	0	0	0	0	0	611	676	0	0	0	0	0	0	0	0	193	0	500	0	0	0	0	0	0	0	0	0	0	0	0	0	0	438	0	0	0	0	0	0	0	0	0	0	0	236	227	0	0	167	191	0	165	134	0	0	0	122	0	0	0	0	0	0	0	0	0	0	23	5	11	0	0	0	0	0	0	0	0
220365	0	20843	0	0	583	446	0	134	0	857	326	0	0	0	0	136	430	517	0	0	0	0	0	0	0	0	184	240	400	0	0	0	0	0	0	0	0	0	0	0	0	0	0	342	0	0	0	0	0	0	0	0	0	0	0	148	174	0	0	162	114	0	153	137	0	0	133	0	161	0	0	0	0	0	0	0	0	0	0	0	0	6	0	8	0	0	0	0	0
220366	0	11537	0	0	418	256	0	0	0	526	161	0	0	0	0	95	254	313	0	0	0	0	0	0	0	0	126	182	306	0	0	0	0	0	0	0	0	0	0	0	0	0	0	236	0	0	0	0	0	0	0	0	0	0	0	90	103	0	0	94	73	0	78	70	0	0	0	83	0	0	0	0	0	0	0	0	0	0	0	5	0	0	0	0	0	0	0	0	0
220362	0	20044	0	0	575	572	0	0	0	871	300	0	0	0	0	142	509	634	0	0	0	0	0	0	0	0	0	0	594	0	0	0	0	0	0	0	0	0	0	0	0	0	0	437	0	0	0	0	0	0	0	0	0	0	0	291	250	0	0	189	216	0	146	135	0	0	0	156	181	0	0	0	0	0	0	0	0	0	7	0	0	0	0	0	0	0	0	0	0
220352	0	23474	235	315	0	0	0	0	0	0	0	0	0	0	242	0	0	0	0	0	0	0	0	0	0	0	0	0	0	0	411	396	0	0	0	255	0	0	0	303	0	262	0	0	0	169	199	187	0	0	0	164	0	0	0	0	0	0	0	0	0	0	0	0	0	0	0	0	0	0	0	0	0	0	0	0	0	0	0	0	0	0	0	0	0	0	0	0	0
220355	0	17310	160	264	0	0	0	0	0	0	0	0	0	0	206	0	0	0	0	0	0	0	96	0	0	0	0	0	0	0	311	293	0	0	0	221	0	0	0	194	0	169	0	0	0	177	138	141	0	0	0	0	0	0	114	0	0	0	0	0	0	0	0	0	0	0	0	0	0	0	0	0	0	0	0	0	0	0	0	0	0	0	0	0	0	0	0	0	0
220354	0	23769	203	358	0	0	0	0	0	0	0	0	0	0	263	0	0	0	0	0	0	0	135	0	0	0	0	0	0	0	368	397	0	0	0	297	0	0	0	227	0	185	0	0	0	199	164	208	0	0	0	142	0	172	141	0	0	0	0	0	0	0	0	0	0	0	0	0	0	0	0	0	0	0	0	0	0	0	0	0	0	0	0	0	0	0	0	0	0
220357	0	26497	270	425	0	0	0	0	0	0	0	0	0	0	291	0	0	0	0	0	0	0	0	0	0	162	0	0	0	0	404	403	0	0	0	362	0	0	0	246	0	277	0	0	0	198	207	207	0	0	0	162	0	227	138	0	0	0	0	0	0	0	0	0	0	0	0	0	0	0	0	0	0	0	0	0	141	0	9	9	0	0	0	0	0	0	0	0	0
220356	0	22018	207	349	0	0	0	0	0	0	0	0	0	0	295	0	0	0	0	0	0	0	119	0	0	157	0	0	0	0	348	344	0	0	0	288	0	0	0	210	0	220	0	0	0	174	156	152	0	0	0	173	0	157	109	0	0	0	0	0	0	0	0	0	0	0	0	0	0	0	0	0	0	0	0	0	0	0	6	0	0	4	0	0	0	0	4	0	0
220358	0	20914	211	276	0	0	0	0	0	0	0	0	0	0	192	0	0	0	0	0	0	0	116	0	0	0	0	0	0	0	364	408	0	0	0	277	0	0	0	208	0	228	0	0	0	133	205	165	0	0	0	181	0	148	126	0	0	0	0	0	0	0	0	0	0	0	0	0	0	0	0	0	0	0	0	0	0	0	5	0	0	0	10	0	0	6	0	0	0
220363	0	16592	138	387	0	126	250	0	355	0	0	102	210	0	0	0	0	0	0	0	107	82	0	0	137	140	0	0	0	119	0	0	0	0	197	0	0	0	174	0	0	0	115	0	0	0	0	0	0	0	109	0	0	0	0	0	0	0	0	0	0	0	0	0	0	0	0	0	0	0	0	0	0	0	0	0	0	0	0	0	0	0	0	0	0	0	0	0	0
220359	0	21472	211	437	0	197	321	0	470	0	0	152	293	0	0	0	0	0	0	0	143	127	0	0	190	182	0	0	0	0	0	0	0	0	274	0	0	0	261	0	0	0	164	0	0	0	0	0	0	0	203	0	0	0	0	0	0	0	0	0	0	0	0	0	0	0	0	0	0	0	0	0	0	0	0	0	0	0	0	0	0	0	0	0	0	0	0	0	0
220351	0	20490	203	287	0	0	0	0	0	0	0	0	0	0	227	0	0	0	0	0	0	0	109	0	0	128	0	247	0	0	317	324	0	0	0	262	0	0	0	225	0	192	0	0	0	198	168	164	0	0	0	153	0	182	113	0	0	0	0	0	0	0	0	0	0	0	0	0	0	0	0	0	0	0	0	0	0	0	5	0	0	0	0	0	0	0	0	0	0
220353	0	15757	147	215	0	0	0	0	0	0	0	0	0	0	193	0	0	0	0	0	0	0	103	0	0	0	0	281	0	0	260	201	0	0	0	208	0	0	0	187	0	185	0	0	0	144	131	115	0	0	0	124	0	139	81	0	0	0	0	0	0	0	0	0	0	0	0	0	0	0	0	0	0	0	0	0	0	0	0	0	0	0	0	0	0	0	0	0	0
220373	0	24105	535	0	0	0	0	0	0	0	0	229	0	332	0	0	0	0	266	216	0	0	135	0	0	0	0	0	0	0	0	0	160	157	0	0	0	205	0	0	0	0	0	0	0	0	0	0	0	0	0	0	114	0	0	0	0	0	0	0	0	0	0	0	0	0	0	0	0	0	0	0	0	0	0	0	0	0	0	0	0	0	0	0	0	0	0	0	0
220323	0	23766	590	0	0	0	0	0	0	0	0	249	0	362	0	0	0	0	246	230	0	0	131	0	0	0	0	0	0	0	0	0	188	0	0	0	156	171	0	0	0	0	0	0	0	0	0	0	0	0	0	0	148	0	0	0	0	0	0	0	0	0	0	0	0	0	0	0	0	0	0	0	0	0	0	0	0	0	0	4	4	0	0	0	0	0	0	0	0
220370	0	28416	692	0	0	0	0	0	0	0	0	300	0	441	0	0	0	0	324	285	0	0	0	0	0	0	0	0	0	0	0	0	256	201	0	0	0	235	0	0	195	0	0	0	0	0	0	0	0	0	0	0	159	0	0	0	0	0	0	0	0	0	0	0	0	0	0	0	0	0	0	0	0	0	0	0	0	0	0	0	0	0	0	0	0	0	0	0	0
220325	0	30636	762	0	0	0	0	291	0	0	0	313	0	427	0	0	0	0	304	252	0	0	0	0	0	0	0	0	0	0	0	0	252	209	0	0	191	200	0	0	0	0	0	0	0	0	0	0	0	0	0	0	0	0	0	0	0	0	0	0	0	0	0	0	0	0	154	0	0	0	0	0	0	0	0	0	0	0	0	0	0	0	0	0	0	0	0	0	0
220372	0	26883	673	0	0	0	0	174	0	0	0	143	0	495	0	0	0	0	256	279	0	0	181	0	0	0	0	0	0	0	0	0	240	0	0	0	0	177	0	0	0	0	0	0	0	0	0	0	0	0	0	0	147	0	0	0	0	0	0	0	0	0	0	0	0	0	0	0	0	0	0	127	0	0	0	0	0	0	0	0	0	9	0	0	0	0	0	0	0
220369	0	23293	576	0	0	0	0	187	0	0	0	123	0	334	0	0	0	0	271	241	0	0	0	0	0	0	0	0	0	0	0	0	161	177	0	0	177	144	0	0	142	0	0	0	0	0	0	0	0	0	0	0	0	0	0	0	0	0	0	0	0	0	0	0	0	0	0	0	0	0	0	112	0	0	0	0	0	0	0	0	0	0	0	0	0	0	0	0	0
220374	0	23207	558	0	0	0	0	176	0	0	0	226	0	335	0	0	0	0	218	198	0	0	145	0	0	0	0	0	0	0	0	0	207	172	0	0	175	153	0	0	151	0	0	0	0	0	0	0	0	0	0	0	127	0	0	0	0	0	0	0	0	0	0	0	0	0	0	0	0	0	0	0	0	0	0	0	0	0	0	0	0	0	0	0	0	0	0	0	0
220368	0	25519	608	0	0	0	0	196	0	0	0	243	0	350	0	0	0	0	337	250	0	0	157	0	0	0	0	0	0	0	0	0	202	201	0	0	181	167	0	0	182	0	0	0	0	0	0	0	0	0	0	0	0	0	0	0	0	0	127	0	0	0	0	0	0	0	0	0	0	0	0	0	0	0	0	0	0	0	0	0	0	0	0	0	0	0	0	0	0
220367	0	23618	743	0	0	0	0	0	0	0	0	0	0	318	0	0	0	0	183	288	0	0	134	0	0	0	0	0	0	0	0	0	0	203	0	0	165	0	0	0	232	0	0	0	0	0	0	0	0	0	0	0	0	0	0	0	0	0	139	0	0	0	0	0	0	145	0	0	0	0	0	0	0	0	0	0	0	0	0	0	7	0	4	0	0	0	0	0	0
220329	0	20954	682	0	0	0	0	150	0	0	0	0	0	284	0	0	0	0	157	257	0	0	116	0	0	0	0	0	0	0	0	0	0	158	0	0	147	0	0	0	196	0	0	0	0	0	0	0	0	0	0	0	0	0	0	0	0	0	124	0	0	0	0	0	0	100	0	0	0	0	0	0	0	0	0	0	0	0	0	0	0	0	0	0	0	0	0	0	0
220330	0	25977	596	0	0	0	0	165	0	0	0	0	0	417	0	0	0	0	266	200	0	0	152	0	0	0	0	0	0	0	0	0	232	199	0	0	167	179	0	0	151	0	0	0	0	0	0	0	0	0	0	0	136	0	0	0	0	0	0	0	0	0	0	0	0	0	0	0	0	0	0	0	0	0	0	0	0	0	0	0	0	0	0	0	0	0	0	0	0
220324	0	32298	736	0	0	0	0	243	0	0	0	0	0	458	0	0	0	0	400	269	0	0	177	0	0	0	0	0	0	0	0	0	248	245	0	0	188	227	0	0	183	0	0	0	0	0	0	0	0	0	0	0	184	0	0	0	0	0	0	0	0	0	0	0	0	0	0	0	0	0	0	0	0	0	0	0	0	0	6	0	0	0	0	0	0	0	0	4	0
220328	0	24687	606	0	0	0	0	165	0	0	0	0	0	335	0	0	0	0	248	273	0	0	134	0	0	0	0	0	0	0	0	0	227	194	0	0	167	175	0	0	173	0	0	0	0	0	0	0	0	0	0	0	0	0	0	0	0	0	0	0	0	0	0	0	0	0	143	0	0	0	0	0	0	0	0	0	0	0	9	0	0	0	0	0	0	0	0	0	0
220326	0	17858	395	0	0	0	0	133	0	0	0	0	0	228	0	0	0	0	187	158	0	0	115	0	0	0	0	234	0	0	0	0	133	119	0	0	145	123	0	0	0	0	0	0	0	0	0	0	0	0	0	0	91	0	0	0	0	0	0	0	0	0	0	0	0	0	0	0	0	0	0	0	0	0	0	0	0	0	0	0	0	0	0	0	0	0	0	0	0
220327	0	32066	991	0	0	0	0	197	0	0	0	0	0	420	0	0	0	0	303	448	0	0	180	0	0	0	0	0	0	0	0	0	219	221	0	0	226	190	0	0	297	0	0	0	0	0	0	0	0	0	0	0	0	0	0	0	0	0	180	0	0	0	0	0	0	154	0	0	0	0	0	0	0	0	0	0	0	0	0	0	0	0	0	0	0	0	0	0	4
220371	0	21271	650	0	0	0	0	126	0	0	0	0	0	243	0	0	0	0	193	262	0	0	125	0	0	0	0	0	0	0	0	0	164	173	0	0	168	0	0	0	189	0	0	0	0	0	0	0	0	0	0	0	110	0	0	0	0	0	141	0	0	0	0	0	0	129	0	0	0	0	0	0	0	0	0	0	0	0	0	0	0	0	0	0	0	0	0	0	0
220348	0	16675	0	426	0	204	270	0	326	0	0	132	231	0	104	0	0	0	0	0	106	108	108	0	112	0	0	0	0	125	0	0	0	0	189	0	0	0	260	0	0	0	0	0	0	0	0	0	0	0	154	0	0	0	0	0	0	0	0	0	0	0	0	0	0	0	0	0	0	0	0	0	103	0	0	0	0	0	0	0	0	0	0	0	0	0	0	0	0
220364	0	21856	183	452	0	209	332	0	423	0	0	158	294	0	0	0	0	0	0	0	127	111	0	0	199	142	0	0	0	149	0	0	0	0	299	0	0	0	238	0	0	0	167	0	0	0	0	0	163	0	200	0	0	0	0	0	0	0	0	0	0	0	0	0	0	0	0	0	0	0	0	0	0	0	0	122	0	0	0	0	0	0	0	0	0	0	0	0	0
220347	0	20101	0	275	449	253	97	393	183	180	427	0	103	0	0	392	0	119	0	0	0	0	122	0	0	0	238	231	0	0	0	0	0	0	0	0	0	0	110	0	0	0	0	0	0	0	0	0	0	0	0	0	0	0	0	0	0	0	0	0	0	107	0	0	0	0	0	0	0	0	0	0	0	0	0	0	0	0	0	0	0	0	0	0	6	0	0	0	0
