sample_uid	A1	C15	C15ev	C15by	C116aa	C15ai	16589_C	10255_C	C15wu	C15ad	C93l	C15dt	C15ks	67579_C	C15pm	C15tf	C116	C116ab	3075641_C	69713_C	C15qx	54734_C	C15jr	10257_C	C15gk	C15kl	139454_C	13451_C	C15gu	C15er	C15vq	7149_C	C15je	4548_C	C15ct	604_C	C15cn	C15ir	C15bb	C15sw	38402_C	4712_C	4686_C	139579_C	14683_C	C15ou	C15dn	C15bo	C116bf	154454_C	C15jk	C15qn	16193_C	139827_C	3089325_C	20702_C	C116ak	C15kt	C15bn	C116i	C116ao	4284019_C	C3pa	22917_C	17354_C	21431_C	151947_C	3085819_C	C15mg	C15af	54722_C	350908_C	C15bc	C15gr	C15ed	5144099_C	C15we	564_C	D1	D2ac	D2	D2d	D6	5144098_D	D1z	D1np	D17o	D4	D5
220331	0	0.8280213027447767	0.011429741909053666	0.02380172060630889	0	0.006882425235559197	0.015157722244981565	0	0.011839410077836952	0	0	0.010528471937730438	0.012290045063498567	0	0.010692339205243753	0	0	0	0	0	0.009381401065137239	0.011102007374027037	0	0.010651372388365424	0.007824662023760753	0.00594018844735764	0	0	0	0.008848832445718968	0	0	0	0	0	0	0	0	0	0	0	0	0	0	0.0052027857435477266	0	0	0	0	0.005325686194182712	0	0	0	0	0	0	0	0	0	0	0	0	0	0	0.005079885292912741	0	0	0	0	0	0	0	0	0	0	0	0	0	0	0	0	0	0	0	0	0	0	0	0
220339	0	0.8272876199391528	0.011740385365473126	0.02312972930805835	0	0.006240736406896014	0.016069896247757235	0	0.013768624697714331	0	0	0.010804274904438724	0.01357360168499883	0	0.009400109212887121	0	0	0	0	0	0.00951712302051642	0.00928309540525782	0	0.011233325532412824	0.008151961931507919	0.006903814650128715	0	0	0	0.006942819252671815	0	0	0	0	0.005304625945861612	0	0	0	0	0	0	0	0.0052656213433185115	0	0	0	0	0	0	0.005382635150947812	0	0	0	0	0	0	0	0	0	0	0	0	0	0	0	0	0	0	0	0	0	0	0	0	0	0	0	0	0	0	0	0	0	0	0	0	0	0	0
220341	0	0.8242771965350433	0.0096748790640117	0.02463719203509956	0	0.006824914688566393	0.013537330783365208	0	0.012412344845689429	0	0	0.011024862189222634	0.010687366407919901	0	0.009787377657779277	0	0	0	0	0	0.01016237297033787	0.0096748790640117	0	0.0118873514081074	0.0077624029699628755	0.007799902501218735	0	0	0	0.008212397345033188	0	0	0	0	0	0	0	0	0.005662429219634755	0	0	0	0.005249934375820302	0	0.00483743953200585	0	0	0	0.00588742640716991	0	0	0	0	0	0	0	0	0	0	0	0	0	0	0	0	0	0	0	0	0	0	0	0	0	0	0	0	0	0	0	0	0	0	0	0	0	0	0	0
220338	0	0.8215599287149736	0.011375270162666363	0.018655443066772835	0	0.005460129678079855	0.019072536306070604	0	0.012626549880559662	0	0	0.010692753952906382	0.013839912031244076	0	0.009934402608728623	0	0	0	0	0	0.011147764759413037	0.01141318772987525	0	0.017404163348879537	0.007697266143404239	0.007128502635270921	0	0	0	0.007697266143404239	0	0	0	0	0	0	0	0	0	0	0	0	0.004739695901110985	0	0.004512190497857657	0	0	0	0	0	0	0	0	0	0	0	0	0	0	0	0	0	0	0	0	0	0	0	0	0	0	0	0	0.005043036438782088	0	0	0	0	0	0	0	0	0	0	0	0	0	0	0
220332	0	0.8161881977671451	0.0098257006151743	0.021929824561403508	0	0.006920710868079289	0.015521758942811574	0	0.012559808612440191	0	0	0.010281385281385282	0.011449077238550922	0	0.008629528366370471	0	0	0	0	0	0.009597858282068808	0.009256094782410572	0.005525176577808157	0.010195944406470722	0.007604237867395762	0.0072055137844611525	0	0	0	0.008857370699475963	0	0	0	0	0.005325814536340852	0	0	0	0	0	0	0	0.0065504670767828664	0	0.005582137161084529	0	0	0	0.005439735702893598	0.005553656869446343	0	0	0	0	0	0	0	0	0	0	0	0	0	0	0	0	0	0	0	0	0	0	0	0	0	0	0	0	0	0	0	0	0	0	0	0	0	0	0
220342	0	0.8159221538771806	0.010033276192396894	0.020721992538065948	0	0.008470303519209438	0.01517596047191691	0	0.011142482605626702	0	0	0.01013411313905415	0.012201270545527882	0	0.009125743672481597	0	0	0	0	0	0.009478672985781991	0.008924069779167087	0.005041847332862761	0.010234950085711405	0.0065039830593929615	0.0065039830593929615	0	0.014066754058687103	0	0.008722395885852576	0	0	0	0	0	0	0	0	0	0	0	0	0	0	0.0058989613794494305	0	0	0	0	0.005798124432792175	0	0	0	0	0	0	0	0.0058989613794494305	0	0	0	0	0	0	0	0	0	0	0	0	0	0	0	0	0	0	0	0	0	0	0	0	0	0	0	0	0	0	0
220334	0	0.8095429322429907	0.009345794392523364	0.023474007009345793	0	0.0065712616822429905	0.013434579439252336	0	0.011682242990654205	0	0	0.009126752336448598	0.012266355140186916	0	0.009345794392523364	0	0	0	0	0	0.010148948598130841	0.010185455607476636	0.006826810747663552	0.010842581775700934	0.007045852803738318	0.007739485981308411	0	0.012923481308411216	0	0.005841121495327103	0	0	0	0	0.006352219626168224	0	0	0	0	0	0	0	0	0	0.005476051401869159	0	0	0	0.006023656542056075	0	0	0	0	0	0	0	0	0.005804614485981309	0	0	0	0	0	0	0	0	0	0	0	0	0	0	0	0	0	0	0	0	0	0	0	0	0	0	0	0	0	0	0
220333	0	0.8073895245092894	0.009936671215142927	0.020503131450963927	0	0.006437843322486967	0.014870018543787831	0	0.012665756971414576	0	0	0.01147615548791155	0.012560792134634898	0	0.008432175221300865	0	0	0	0	0	0.009306882194464855	0.010356530562261643	0	0.0089220111262727	0.006507819880340086	0.007382526853504076	0	0.010321542283335082	0	0.006717749553899444	0	0	0	0	0.004758405934012106	0	0	0	0	0	0	0	0.005493159791469858	0	0.005423183233616739	0	0	0	0.0049683356075714636	0.0049683356075714636	0	0	0	0	0	0	0	0.006087960533221371	0	0	0	0	0	0	0	0	0.0045134879815261885	0	0	0	0	0	0	0	0	0	0	0	0	0	0	0	0	0	0	0	0	0	0
220337	0	0.8052691004892736	0.010274745954083554	0.02468949943545352	0	0.008581106511102747	0.014753481369966128	0	0.012156567557395559	0	0	0.010876928867143395	0.013662024840045164	0	0.008957470831765148	0	0	0	0	0	0.009898381633421152	0.010237109522017313	0	0.010462928114414754	0.007828377869777945	0.007113285660519383	0	0	0	0.008694015807301468	0	0	0	0	0	0	0	0	0.004892736168611215	0	0	0	0.00624764772299586	0	0.005005645464809936	0	0	0	0.005231464057207377	0.0057960105382009785	0.004365826119683854	0	0	0	0	0	0	0	0	0	0	0	0	0	0.005005645464809936	0	0	0	0	0	0	0	0	0	0	0	0	0	0	0	0	0	0	0	0	0	0	0	0
220336	0	0.803201798589038	0.010737266454763935	0.02476936196604388	0	0.006899759671292348	0.015311264439103807	0	0.01213272346693542	0	0	0.00938057213737499	0.011396232266067136	0	0.008605318241724164	0	0	0	0	0	0.009806961779982944	0.008876657105201954	0	0.01147375765563222	0.009768199085200402	0.007519962787813009	0	0	0	0.008101403209551128	0	0	0	0	0.005891929606946275	0	0	0	0	0	0	0	0	0	0.005775641522598651	0	0	0	0.0062020311652066056	0.0058144042173811925	0.0041863710365144585	0	0	0	0	0	0	0.004302659120862082	0	0	0	0	0	0	0.005077913016512908	0	0	0	0	0	0.004767811458252578	0	0	0	0	0	0	0	0	0	0	0	0	0	0	0	0	0	0
220335	0	0.8013620453507837	0.010158271191599452	0.022447116116268453	0	0.005935169684979455	0.014000913103028458	0	0.011375741896210623	0	0	0.009359306041698372	0.013201947953127378	0	0.009549535839293867	0	0	0	0	0	0.01027240907015675	0.009739765636889362	0	0.010196317151118552	0.0076091919038198145	0.007989651499010805	0	0.012631258560340891	0	0.006391721199208644	0	0	0	0	0.004984020697001978	0	0	0	0.004945974737482879	0	0	0	0.00658195099680414	0	0.005440572211231167	0	0	0	0.006011261604017653	0.005402526251712068	0	0	0	0	0	0	0	0	0	0	0	0	0	0	0	0	0	0	0	0	0	0	0	0	0	0	0	0.004413331304215493	0	0	0	0	0	0	0	0	0	0	0
220340	0	0.7993038321461953	0.012054017468656331	0.021916395397556968	0	0.006897218551584104	0.014793566893350952	0	0.013020917265607375	0	0	0.010829277725851677	0.013697747123473105	0	0.008121958294388758	0	0	0	0	0	0.009475618010120217	0.01021690785444935	0	0.011022657685241886	0.007638508395913237	0.008025268314693653	0	0	0	0.007509588422986431	0	0	0	0	0.0050923389306088244	0	0	0	0.0046088890321333035	0	0	0	0.005350178876462436	0	0.004931188964450318	0	0	0	0.005253488896767332	0.00522125890353563	0	0	0	0	0	0	0	0.005640248815547749	0	0	0	0	0	0	0.004415509072743095	0	0	0	0	0	0.004963418957682019	0	0	0	0	0	0	0	0	0	0	0	0	0	0	0	0	0	0
220346	0	0.8419430850099692	0	0	0.027116186333152076	0.011165488490121443	0	0.020590900851912272	0	0.013304332064527823	0.025956135580931666	0	0	0	0	0.023273518216421967	0.012144281312307414	0.009534167119811492	0	0	0	0	0	0	0	0	0.014971905020844662	0	0	0	0	0	0	0	0	0	0	0	0	0	0	0	0	0	0	0	0	0	0	0	0	0	0	0	0	0	0	0	0	0	0	0	0	0	0	0	0	0	0	0	0	0	0	0	0	0	0	0	0	0	0	0	0	0	0	0	0	0	0
220360	0	0.8574362637853284	0	0.013796490601419834	0.010760369692369513	0.01544849756663839	0.008974416216457561	0	0.0068759208822610175	0.01089431620306291	0	0	0.006608027860874224	0	0	0	0.010269232486493727	0.007009867392954413	0	0	0	0	0.005045318569451266	0	0.005759699959816047	0	0	0	0.005848997633611645	0.0051346162432468635	0	0	0	0	0.008706523195070768	0	0	0	0.009912041791311336	0	0	0	0.005045318569451266	0	0	0	0	0	0	0	0.0064740813501808275	0	0	0	0	0	0	0	0	0	0	0	0	0	0	0	0	0	0	0	0	0	0	0	0	0	0	0	0	0	0	0	0	0	0	0	0	0	0
220345	0	0.8373072080579163	0	0	0.028249921309411393	0.011174063581995594	0	0.02073497009757633	0	0.012865911237016053	0.02305634246144161	0	0	0	0	0.021954674220963172	0.013298709474346868	0.008380547686496695	0	0	0	0	0	0	0	0	0.01562008183821215	0	0.007357570034623859	0	0	0	0	0	0	0	0	0	0	0	0	0	0	0	0	0	0	0	0	0	0	0	0	0	0	0	0	0	0	0	0	0	0	0	0	0	0	0	0	0	0	0	0	0	0	0	0	0	0	0	0	0	0	0	0	0	0	0	0
220350	0	0.8304415409822291	0	0	0.02764357433936899	0.011889257656597908	0	0.024534722513968828	0	0.013023568457757425	0.026089148426668908	0	0	0	0	0.024996849136663446	0.008780405831197748	0.008486325253119355	0	0	0	0	0	0	0	0	0.016468512372390037	0	0.007436037474267949	0	0	0	0	0	0	0	0	0	0	0	0	0	0	0	0	0	0	0	0	0	0	0	0	0	0	0	0	0	0	0	0	0	0	0	0	0	0	0	0	0	0	0	0	0	0	0	0	0	0	0.00021005755577028105	0	0	0	0	0	0	0	0	0
220344	0	0.8240159622709958	0	0	0.029602757119535642	0.0102303645927807	0	0.025104298929802284	0	0.012153092690005442	0.029639035008162524	0	0	0	0	0.021367676401233448	0.01099220025394522	0.009250861599854889	0	0	0	0	0	0	0	0	0.014257210230364593	0	0.006638853618719391	0	0	0	0	0	0	0	0	0	0	0	0	0	0	0	0	0	0	0	0	0	0	0	0	0	0	0	0	0	0	0	0	0.006747687284600036	0	0	0	0	0	0	0	0	0	0	0	0	0	0	0	0	0	0	0	0	0	0	0	0	0	0	0
220349	0	0.8213291120687128	0	0	0.029548852343681296	0.010787676252455075	0	0.02362735613988802	0	0.011901621082871633	0.02641221821592941	0	0	0	0	0.02324626975053499	0.012399964822794828	0.008149385864626388	0	0	0	0	0	0	0	0	0.014686483158913024	0	0.006888869345997127	0	0	0	0	0	0	0	0	0	0	0	0	0	0	0	0	0	0	0	0	0	0	0	0	0	0	0	0	0	0	0	0	0.005042066074517047	0	0	0	0	0	0	0	0.005980124879078357	0	0	0	0	0	0	0	0	0	0	0	0	0	0	0	0	0	0	0
220343	0	0.8325154096815987	0.004475678222292018	0	0.02320285815240862	0.009775823485532567	0	0.019904989988614504	0	0.009775823485532567	0.023045816811275568	0	0	0	0	0.020533155353146718	0.0101684268383652	0.0066742569981547645	0	0	0	0	0.005574967610223391	0	0	0	0.012092183267245102	0	0.006046091633622551	0	0	0	0	0	0	0	0	0	0	0	0	0	0	0	0	0	0	0	0	0	0	0	0	0	0	0	0	0	0	0	0	0.006870558674571081	0	0	0	0	0	0	0	0.004593459228141809	0	0	0	0	0.004750500569274862	0	0	0	0	0	0	0	0	0	0	0	0	0	0
220361	0.00036524343474926037	0.7696409657036415	0	0	0.024361737097775667	0.022572044267504292	0	0	0	0.03561123488805289	0.012345228094525	0	0	0	0	0	0.02231637386317981	0.02469045618905	0	0	0	0	0	0	0	0	0.007049198290660725	0	0.01826217173746302	0	0	0	0	0	0	0	0	0	0	0	0	0	0	0.015997662442017606	0	0	0	0	0	0	0	0	0	0	0	0.008619745060082545	0.008291025968808211	0	0	0.006099565360312648	0.006976149603710873	0	0.006026516673362796	0.004894262025640089	0	0	0	0.0044559699039409765	0	0	0	0	0	0	0	0	0	0	0.0008400598999232988	0.00018262171737463018	0.0004017677782241864	0	0	0	0	0	0	0	0
220365	0	0.7825711496583314	0	0	0.021889314410152436	0.016745513253735828	0	0.005031163174889239	0	0.03217691672298566	0.012239993992640984	0	0	0	0	0.0051062551625741534	0.016144777352256515	0.019411278816550272	0	0	0	0	0	0	0	0	0.0069084628670120895	0.009011038522189683	0.015018397536982805	0	0	0	0	0	0	0	0	0	0	0	0	0	0	0.012840729894120297	0	0	0	0	0	0	0	0	0	0	0	0.005556807088683637	0.00653300292858752	0	0	0.006082451002478036	0.004280243298040099	0	0.0057445370578959225	0.0051438011564166105	0	0	0.004993617181046782	0	0.006044905008635579	0	0	0	0	0	0	0	0	0	0	0	0	0.00022527596305474206	0	0.00030036795073965606	0	0	0	0	0
220366	0	0.7688258030121284	0	0	0.027855524456883912	0.017059842729574837	0	0	0	0.0350526456084233	0.010729041716646674	0	0	0	0	0.0063308010129281625	0.016926562708250034	0.020858323337331734	0	0	0	0	0	0	0	0	0.008396641343462616	0.012128481940557111	0.02039184326269492	0	0	0	0	0	0	0	0	0	0	0	0	0	0	0.015727042516326804	0	0	0	0	0	0	0	0	0	0	0	0.0059976009596161535	0.006863921098227376	0	0	0.00626416100226576	0.004864720778355325	0	0.005197920831667333	0.004664800746368119	0	0	0	0.005531120884979342	0	0	0	0	0	0	0	0	0	0	0	0.00033320005331200853	0	0	0	0	0	0	0	0	0
220362	0	0.7636100422873252	0	0	0.021905596403672522	0.021791306335479446	0	0	0	0.03318221646538916	0.011429006819307402	0	0	0	0	0.00540972989447217	0.01939121490342489	0.02415330107813631	0	0	0	0	0	0	0	0	0	0	0.022629433502228655	0	0	0	0	0	0	0	0	0	0	0	0	0	0	0.016648253266791115	0	0	0	0	0	0	0	0	0	0	0	0.01108613661472818	0.009524172349422835	0	0	0.0072002742961636635	0.00822888490990133	0	0.0055621166520629355	0.005143053068688331	0	0	0	0.005943083546039849	0.006895500780982133	0	0	0	0	0	0	0	0	0	0.0002666768257838394	0	0	0	0	0	0	0	0	0	0
220352	0	0.8820832707049452	0.008830602735607996	0.011836765369006463	0	0	0	0	0	0	0	0	0	0	0.009093641966030363	0	0	0	0	0	0	0	0	0	0	0	0	0	0	0	0.015444160529084624	0.01488050503532241	0	0	0	0.009582143393957613	0	0	0	0.011385840973996694	0	0.00984518262437998	0	0	0	0.0063505185630542615	0.007477829550578686	0.007026905155568916	0	0	0	0.006162633398466857	0	0	0	0	0	0	0	0	0	0	0	0	0	0	0	0	0	0	0	0	0	0	0	0	0	0	0	0	0	0	0	0	0	0	0	0	0
220355	0	0.8745074264928766	0.008083257552793776	0.01333737496210973	0	0	0	0	0	0	0	0	0	0	0.010407194099221986	0	0	0	0	0	0	0	0.004849954531676266	0	0	0	0	0	0	0	0.0157118318682429	0.014802465393553602	0	0	0	0.011164999494796404	0	0	0	0.009800949782762454	0	0.008537940790138426	0	0	0	0.008942103667778114	0.006971809639284632	0.007123370718399515	0	0	0	0	0	0	0.005759321006365566	0	0	0	0	0	0	0	0	0	0	0	0	0	0	0	0	0	0	0	0	0	0	0	0	0	0	0	0	0	0	0	0	0	0
220354	0	0.8729616571176729	0.007455560452475393	0.013148229763478772	0	0	0	0	0	0	0	0	0	0	0.00965917437931541	0	0	0	0	0	0	0	0.00495813133539004	0	0	0	0	0	0	0	0.013515498751285441	0.014580578815924783	0	0	0	0.010907888937858087	0	0	0	0.0083370060232114	0	0.0067944762744233875	0	0	0	0.007308652857352725	0.006023211400029382	0.007639194946378728	0	0	0	0.005215219626854708	0	0.006317026590274717	0.005178492728074042	0	0	0	0	0	0	0	0	0	0	0	0	0	0	0	0	0	0	0	0	0	0	0	0	0	0	0	0	0	0	0	0	0	0
220357	0	0.8649257385343562	0.008813448669822099	0.0138730210543496	0	0	0	0	0	0	0	0	0	0	0.009498939121919374	0	0	0	0	0	0	0	0	0	0	0.005288069201893259	0	0	0	0	0.013187530602252326	0.013154888199771503	0	0	0	0.011816549698057777	0	0	0	0.008030031010282357	0	0.009041945487187857	0	0	0	0.006463195691202872	0.0067569773135302755	0.0067569773135302755	0	0	0	0.005288069201893259	0	0.007409825363146727	0.004504651542353517	0	0	0	0	0	0	0	0	0	0	0	0	0	0	0	0	0	0	0	0	0	0.004602578749795985	0	0.00029378162232740327	0.00029378162232740327	0	0	0	0	0	0	0	0	0
220356	0	0.8637897214593958	0.008120831698705375	0.013691643781875245	0	0	0	0	0	0	0	0	0	0	0.011573165947430365	0	0	0	0	0	0	0	0.004668497449980384	0	0	0.0061592781482934485	0	0	0	0	0.013652412710867007	0.013495488426834052	0	0	0	0.011298548450372696	0	0	0	0.00823852491173009	0	0.008630835621812475	0	0	0	0.006826206355433503	0.0061200470772852095	0.005963122793252256	0	0	0	0.006786975284425265	0	0.0061592781482934485	0.004276186739897999	0	0	0	0	0	0	0	0	0	0	0	0	0	0	0	0	0	0	0	0	0	0	0	0.00023538642604943114	0	0	0.0001569242840329541	0	0	0	0	0.0001569242840329541	0	0
220358	0	0.8651801596822901	0.008728746949075415	0.011417697431018078	0	0	0	0	0	0	0	0	0	0	0.007942746038969098	0	0	0	0	0	0	0	0.00479874239854383	0	0	0	0	0	0	0	0.015058122698878915	0.016878335332809333	0	0	0	0.011459065899971041	0	0	0	0.008604641542216523	0	0.009432010921275803	0	0	0	0.005502006370744219	0.00848053613535763	0.006825797377239069	0	0	0	0.007487692880486493	0	0.006122533405038679	0.005212427088073471	0	0	0	0	0	0	0	0	0	0	0	0	0	0	0	0	0	0	0	0	0	0	0	0.00020684234476482026	0	0	0	0.0004136846895296405	0	0	0.0002482108137177843	0	0	0
220363	0	0.8579110651499483	0.007135470527404343	0.02001034126163392	0	0.006514994829369183	0.012926577042399173	0	0.018355739400206825	0	0	0.005274043433298862	0.010858324715615306	0	0	0	0	0	0	0	0.005532574974146846	0.004239917269906929	0	0	0.007083764219234747	0.007238883143743537	0	0	0	0.006153050672182006	0	0	0	0	0.010186142709410548	0	0	0	0.008996897621509825	0	0	0	0.0059462254395036196	0	0	0	0	0	0	0	0.00563598759048604	0	0	0	0	0	0	0	0	0	0	0	0	0	0	0	0	0	0	0	0	0	0	0	0	0	0	0	0	0	0	0	0	0	0	0	0	0	0
220359	0	0.8555604255488704	0.008407379368051958	0.01741243973383273	0	0.007849543770171734	0.012790373351396581	0	0.018727337928836116	0	0	0.006056500776985297	0.011674702155636131	0	0	0	0	0	0	0	0.0056978921783480095	0.00506036578077061	0	0	0.007570625971231621	0.007251862772442922	0	0	0	0	0	0	0	0	0.01091763955851297	0	0	0	0.010399649360481333	0	0	0	0.0065346455751683465	0	0	0	0	0	0	0	0.008088616169263258	0	0	0	0	0	0	0	0	0	0	0	0	0	0	0	0	0	0	0	0	0	0	0	0	0	0	0	0	0	0	0	0	0	0	0	0	0	0
220351	0	0.8539634908727182	0.008460448445444694	0.011961323664249396	0	0	0	0	0	0	0	0	0	0	0.009460698507960323	0	0	0	0	0	0	0	0.004542802367258481	0	0	0.005334667000083354	0	0.010294240226723348	0	0	0.013211636242393932	0.01350337584396099	0	0	0	0.010919396515795616	0	0	0	0.009377344336084021	0	0.008002000500125032	0	0	0	0.008252063015753939	0.007001750437609402	0.006835042093856798	0	0	0	0.006376594148537134	0	0.00758522964074352	0.004709510711011086	0	0	0	0	0	0	0	0	0	0	0	0	0	0	0	0	0	0	0	0	0	0	0	0.00020838542969075602	0	0	0	0	0	0	0	0	0	0
220353	0	0.8530669698446213	0.007958421309079098	0.011639867901034053	0	0	0	0	0	0	0	0	0	0	0.010448811650695685	0	0	0	0	0	0	0	0.00557630880840236	0	0	0	0	0.015213036652049159	0	0	0.014076119322180716	0.010881923014455092	0	0	0	0.011260895457744573	0	0	0	0.01012397812787613	0	0.01001570028693628	0	0	0	0.007796004547669319	0.0070921985815602835	0.00622597585404147	0	0	0	0.006713226138270803	0	0.007525309945319691	0.004385252558063992	0	0	0	0	0	0	0	0	0	0	0	0	0	0	0	0	0	0	0	0	0	0	0	0	0	0	0	0	0	0	0	0	0	0
220373	0	0.9112043547289634	0.020223784682845695	0	0	0	0	0	0	0	0	0.008656535873591895	0	0.012550086943373402	0	0	0	0	0.010055190141377485	0.008165116806532093	0	0	0.005103198004082559	0	0	0	0	0	0	0	0	0	0.006048234671505255	0.005934830271414531	0	0	0	0.007749300672866107	0	0	0	0	0	0	0	0	0	0	0	0	0	0	0.004309367203447494	0	0	0	0	0	0	0	0	0	0	0	0	0	0	0	0	0	0	0	0	0	0	0	0	0	0	0	0	0	0	0	0	0	0	0	0
220323	0	0.9055439131263098	0.022480472470946845	0	0	0	0	0	0	0	0	0.009487521432653839	0	0.013793103448275862	0	0	0	0	0.009373213945513431	0.008763574014097924	0	0	0.0049914269384644695	0	0	0	0	0	0	0	0	0	0.007163269194132215	0	0	0	0.0059439893313012	0.0065155267670032385	0	0	0	0	0	0	0	0	0	0	0	0	0	0	0.0056391693655934464	0	0	0	0	0	0	0	0	0	0	0	0	0	0	0	0	0	0	0	0	0	0	0	0	0	0	0.00015240998285387692	0.00015240998285387692	0	0	0	0	0	0	0	0
220370	0	0.9019807008633824	0.02196546470289487	0	0	0	0	0	0	0	0	0.00952260030472321	0	0.013998222447943118	0	0	0	0	0.010284408329101066	0.00904647028948705	0	0	0	0	0	0	0	0	0	0	0	0	0.008125952260030472	0.006380142204164551	0	0	0	0.007459370238699848	0	0	0.006189690198070087	0	0	0	0	0	0	0	0	0	0	0	0.005046978161503301	0	0	0	0	0	0	0	0	0	0	0	0	0	0	0	0	0	0	0	0	0	0	0	0	0	0	0	0	0	0	0	0	0	0	0	0
220325	0	0.9012974022535377	0.022417698802624224	0	0	0	0	0.008561089700214762	0	0	0	0.009208319849371892	0	0.012562148804095202	0	0	0	0	0.008943543879262158	0.007413727163072578	0	0	0	0	0	0	0	0	0	0	0	0	0.007413727163072578	0.006148686416992733	0	0	0.005619134476773264	0.0058839104468829985	0	0	0	0	0	0	0	0	0	0	0	0	0	0	0	0	0	0	0	0	0	0	0	0	0	0	0	0	0.004530611044099909	0	0	0	0	0	0	0	0	0	0	0	0	0	0	0	0	0	0	0	0	0	0
220372	0	0.9025987107171636	0.022596024711254364	0	0	0	0	0.0058420628525382755	0	0	0	0.004801235562718238	0	0.01661966156325544	0	0	0	0	0.008595218909481601	0.009367445608380338	0	0	0.006077088369594413	0	0	0	0	0	0	0	0	0	0.008058017727639	0	0	0	0	0.005942788074133763	0	0	0	0	0	0	0	0	0	0	0	0	0	0	0.004935535858178888	0	0	0	0	0	0	0	0	0	0	0	0	0	0	0	0	0	0	0.004264034380875638	0	0	0	0	0	0	0	0	0	0.00030217566478646255	0	0	0	0	0	0	0
220369	0	0.8980260621481996	0.02220680083275503	0	0	0	0	0.00720949957591179	0	0	0	0.004742077261161231	0	0.01287686020510448	0	0	0	0	0.010447991364021898	0.009291387153982573	0	0	0	0	0	0	0	0	0	0	0	0	0.006207109260544375	0.006823964839232015	0	0	0.006823964839232015	0.005551700208188758	0	0	0.005474593260852803	0	0	0	0	0	0	0	0	0	0	0	0	0	0	0	0	0	0	0	0	0	0	0	0	0	0	0	0	0	0	0.004317989050813478	0	0	0	0	0	0	0	0	0	0	0	0	0	0	0	0	0
220374	0	0.8909321253071253	0.02142199017199017	0	0	0	0	0.006756756756756757	0	0	0	0.008676289926289927	0	0.012860872235872236	0	0	0	0	0.008369164619164619	0.007601351351351352	0	0	0.005566646191646192	0	0	0	0	0	0	0	0	0	0.007946867321867323	0.006603194103194103	0	0	0.006718366093366093	0.005873771498771499	0	0	0.005796990171990172	0	0	0	0	0	0	0	0	0	0	0	0.004875614250614251	0	0	0	0	0	0	0	0	0	0	0	0	0	0	0	0	0	0	0	0	0	0	0	0	0	0	0	0	0	0	0	0	0	0	0	0
220368	0	0.8885445682451254	0.02116991643454039	0	0	0	0	0.006824512534818941	0	0	0	0.00846100278551532	0	0.012186629526462395	0	0	0	0	0.011733983286908079	0.008704735376044569	0	0	0.005466573816155989	0	0	0	0	0	0	0	0	0	0.007033426183844011	0.006998607242339833	0	0	0.006302228412256267	0.005814763231197772	0	0	0.006337047353760446	0	0	0	0	0	0	0	0	0	0	0	0	0	0	0	0	0	0.004422005571030641	0	0	0	0	0	0	0	0	0	0	0	0	0	0	0	0	0	0	0	0	0	0	0	0	0	0	0	0	0	0
220367	0	0.9021734978417816	0.02838152717827266	0	0	0	0	0	0	0	0	0	0	0.01214714083807632	0	0	0	0	0.0069903357653080716	0.011001184155238932	0	0	0.0051186065166736695	0	0	0	0	0	0	0	0	0	0	0.0077543068871996634	0	0	0.006302761755605638	0	0	0	0.008862065013942473	0	0	0	0	0	0	0	0	0	0	0	0	0	0	0	0	0	0.005309599297146568	0	0	0	0	0	0	0.005538790633714046	0	0	0	0	0	0	0	0	0	0	0	0	0	0	0.0002673898926620574	0	0.0001527942243783185	0	0	0	0	0	0
220329	0	0.8983494105037514	0.029239013933547695	0	0	0	0	0.006430868167202572	0	0	0	0	0	0.012175777063236871	0	0	0	0	0.006730975348338692	0.011018220793140408	0	0	0.004973204715969989	0	0	0	0	0	0	0	0	0	0	0.00677384780278671	0	0	0.006302250803858521	0	0	0	0.008403001071811361	0	0	0	0	0	0	0	0	0	0	0	0	0	0	0	0	0	0.005316184351554127	0	0	0	0	0	0	0.004287245444801715	0	0	0	0	0	0	0	0	0	0	0	0	0	0	0	0	0	0	0	0	0	0	0
220330	0	0.9008218608038284	0.020667891944377015	0	0	0	0	0.005721815722856053	0	0	0	0	0	0.014460588826854389	0	0	0	0	0.00922426049866491	0.006935534209522488	0	0	0.005271005999237091	0	0	0	0	0	0	0	0	0	0.008045219683046086	0.006900856538474876	0	0	0.005791171064951278	0.006207303117522627	0	0	0.005236328328189479	0	0	0	0	0	0	0	0	0	0	0	0.004716163262475292	0	0	0	0	0	0	0	0	0	0	0	0	0	0	0	0	0	0	0	0	0	0	0	0	0	0	0	0	0	0	0	0	0	0	0	0
220324	0	0.9005185969999442	0.02052082752467518	0	0	0	0	0.006775218870239224	0	0	0	0	0	0.012769754084648413	0	0	0	0	0.011152623654714772	0.007500139407795684	0	0	0.004935035967211287	0	0	0	0	0	0	0	0	0	0.006914626665923159	0.0068309819885127975	0	0	0.005241733117715943	0.006329113924050633	0	0	0.005102325322032008	0	0	0	0	0	0	0	0	0	0	0	0.005130206881168795	0	0	0	0	0	0	0	0	0	0	0	0	0	0	0	0	0	0	0	0	0	0	0	0	0	0.00016728935482072157	0	0	0	0	0	0	0	0	0.00011152623654714772	0
220328	0	0.8965354445090064	0.022007553747821033	0	0	0	0	0.005992155723416618	0	0	0	0	0	0.012165891923300406	0	0	0	0	0.009006391632771645	0.009914294015107496	0	0	0.004866356769320163	0	0	0	0	0	0	0	0	0	0.00824375363160953	0.007045322486926206	0	0	0.006064787914003486	0.0063553166763509585	0	0	0.006282684485764091	0	0	0	0	0	0	0	0	0	0	0	0	0	0	0	0	0	0	0	0	0	0	0	0	0	0.005193201626961069	0	0	0	0	0	0	0	0	0	0	0	0.00032684485764090644	0	0	0	0	0	0	0	0	0	0
220326	0	0.8965309503489131	0.019830312766705157	0	0	0	0	0.006677042020181736	0	0	0	0	0	0.011446357748882975	0	0	0	0	0.009388021487022441	0.007932125106682062	0	0	0.005773382197901501	0	0	0	0	0.011747577689643055	0	0	0	0	0.006677042020181736	0.005974195491741554	0	0	0.007279481901701893	0.006175008785581606	0	0	0	0	0	0	0	0	0	0	0	0	0	0	0.004568502434861188	0	0	0	0	0	0	0	0	0	0	0	0	0	0	0	0	0	0	0	0	0	0	0	0	0	0	0	0	0	0	0	0	0	0	0	0
220327	0	0.888353280141844	0.027454565602836878	0	0	0	0	0.005457668439716312	0	0	0	0	0	0.01163563829787234	0	0	0	0	0.008394281914893617	0.012411347517730497	0	0	0.004986702127659575	0	0	0	0	0	0	0	0	0	0.006067154255319149	0.006122562056737588	0	0	0.006261081560283688	0.005263741134751773	0	0	0.008228058510638297	0	0	0	0	0	0	0	0	0	0	0	0	0	0	0	0	0	0.004986702127659575	0	0	0	0	0	0	0.004266400709219858	0	0	0	0	0	0	0	0	0	0	0	0	0	0	0	0	0	0	0	0	0	0	0.00011081560283687943
220371	0	0.8883645172068159	0.027146675576344804	0	0	0	0	0.005262278650183762	0	0	0	0	0	0.010148680253925827	0	0	0	0	0.008060474440360841	0.010942198463080522	0	0	0.005220514533912463	0	0	0	0	0	0	0	0	0	0.00684931506849315	0.007225192114934848	0	0	0.0070163715335783495	0	0	0	0.007893417975275643	0	0	0	0	0	0	0	0	0	0	0	0.004594052789842967	0	0	0	0	0	0.005888740394253258	0	0	0	0	0	0	0.005387570998997661	0	0	0	0	0	0	0	0	0	0	0	0	0	0	0	0	0	0	0	0	0	0	0
220348	0	0.8493353028064993	0	0.021698161259104568	0	0.010390668771965568	0.013752355727601487	0	0.016604696174807723	0	0	0.006723373911271838	0.011765904344725717	0	0.005297203687668721	0	0	0	0	0	0.005399072989354658	0.005500942291040595	0.005500942291040595	0	0.005704680894412469	0	0	0	0	0.006366831355371059	0	0	0	0	0.009626649009321041	0	0	0	0.013243009219171802	0	0	0	0	0	0	0	0	0	0	0	0.007843936229817144	0	0	0	0	0	0	0	0	0	0	0	0	0	0	0	0	0	0	0	0	0	0.005246269036825753	0	0	0	0	0	0	0	0	0	0	0	0	0	0	0	0
220364	0	0.8463444857496902	0.0070864312267657995	0.017503097893432466	0	0.008093246592317225	0.012856257744733582	0	0.01638011152416357	0	0	0.006118339529120199	0.011384758364312268	0	0	0	0	0	0	0	0.004917905824039653	0.004298327137546468	0	0	0.007706009913258984	0.005498760842627013	0	0	0	0.005769826517967782	0	0	0	0	0.011578376703841388	0	0	0	0.009216232961586121	0	0	0	0.006466852540272614	0	0	0	0	0	0.006311957868649318	0	0.007744733581164808	0	0	0	0	0	0	0	0	0	0	0	0	0	0	0	0	0	0	0	0	0	0	0	0	0.004724287484510533	0	0	0	0	0	0	0	0	0	0	0	0	0
220347	0	0.8450769360127807	0	0.011561422685613386	0.018876650130328763	0.010636508870764316	0.004078029092743631	0.016522324056167492	0.007693601278062726	0.007567476666946944	0.017951736315479694	0	0.004330278314975195	0	0	0.0164802825191289	0	0.005002942907592701	0	0	0	0	0.005129067518708484	0	0	0	0.010005885815185403	0.009711595055915245	0	0	0	0	0	0	0	0	0	0	0.004624569074245354	0	0	0	0	0	0	0	0	0	0	0	0	0	0	0	0	0	0	0	0	0	0	0.004498444463129572	0	0	0	0	0	0	0	0	0	0	0	0	0	0	0	0	0	0	0	0	0	0	0.00025224922223156476	0	0	0	0
