sample_uid	sample_name	fastq_fwd_file_name	fastq_fwd_sha256_file_hash	fastq_rev_file_name	fastq_rev_sha256_file_hash	data_set_uid	data_set_name	raw_contigs	post_qc_absolute_seqs	post_qc_unique_seqs	post_taxa_id_absolute_symbiodiniaceae_seqs	post_taxa_id_unique_symbiodiniaceae_seqs	size_screening_violation_absolute	size_screening_violation_unique	post_taxa_id_absolute_non_symbiodiniaceae_seqs	post_taxa_id_unique_non_symbiodiniaceae_seqs	post_med_absolute	post_med_unique	noName Clade A	noName Clade B	noName Clade C	noName Clade D	noName Clade E	noName Clade F	noName Clade G	noName Clade H	noName Clade I	sample_type	host_phylum	host_class	host_order	host_family	host_genus	host_species	collection_latitude	collection_longitude	collection_date	collection_depth	A1	C15	C15ev	C15by	C116aa	C15ai	16589_C	10255_C	C15wu	C15ad	C93l	C15dt	C15ks	67579_C	C15pm	C15tf	C116	C116ab	3075641_C	69713_C	C15qx	54734_C	C15jr	10257_C	C15gk	C15kl	139454_C	13451_C	C15gu	C15er	C15vq	7149_C	C15je	4548_C	C15ct	604_C	C15cn	C15ir	C15bb	C15sw	38402_C	4712_C	4686_C	139579_C	14683_C	C15ou	C15dn	C15bo	C116bf	154454_C	C15jk	C15qn	16193_C	139827_C	3089325_C	20702_C	C116ak	C15kt	C15bn	C116i	C116ao	4284019_C	C3pa	22917_C	17354_C	21431_C	151947_C	3085819_C	C15mg	C15af	54722_C	350908_C	C15bc	C15gr	C15ed	5144099_C	C15we	564_C	D1	D2ac	D2	D2d	D6	5144098_D	D1z	D1np	D17o	D4	D5
220331	Por2_W1	20240419_MY_BK_Por2_West_top1_field_MetaB_ITS2_Q2181795EL_Q2181148GQ_2411-cv-1351_R1.fastq.gz	cea87aad6ac8280a65dc9a6acb41acb1143523139196c4b87a4b7385a9c9dd9b	20240419_MY_BK_Por2_West_top1_field_MetaB_ITS2_Q2181795EL_Q2181148GQ_2411-cv-1351_R2.fastq.gz	c11c43856e7347d385ea9e8724eb138ba8d85e5570f75fbb27aa84c2a0e07d71	1154	20250219T114321_schloma1	2.5292503072511265	1.0342482589102826	0.016018025399426466	1.0323228185170013	0.015977058582548137	0.001925440393281442	4.096681687832855e-05	0.0	0.0	1.0	0.000737402703809914	0	0	0.05251945923801721	0	0	0	0	0	0	coral tissue	Cnidaria	Hexacorallia	Scleractinia	Portidae	Porites	sp.	5.78911100	102.90396400	20240419	1.5	0	0.8280213027447767	0.011429741909053666	0.02380172060630889	0	0.006882425235559197	0.015157722244981565	0	0.011839410077836952	0	0	0.010528471937730438	0.012290045063498567	0	0.010692339205243753	0	0	0	0	0	0.009381401065137239	0.011102007374027037	0	0.010651372388365424	0.007824662023760753	0.00594018844735764	0	0	0	0.008848832445718968	0	0	0	0	0	0	0	0	0	0	0	0	0	0	0.0052027857435477266	0	0	0	0	0.005325686194182712	0	0	0	0	0	0	0	0	0	0	0	0	0	0	0.005079885292912741	0	0	0	0	0	0	0	0	0	0	0	0	0	0	0	0	0	0	0	0	0	0	0	0
220339	Por2_E3	20240419_MY_BK_Por2_East_middle3_field_MetaB_ITS2_Q2181803EG_Q2181164G8_2411-cv-1359_R1.fastq.gz	75f0a951789546dce8af7d405e5447b6d92227550c2f124a940d5a21648ca9ec	20240419_MY_BK_Por2_East_middle3_field_MetaB_ITS2_Q2181803EG_Q2181164G8_2411-cv-1359_R2.fastq.gz	86294241f5b90ce5a6a8ee5ba010283b882a72e8494483de12b46f4a6c797b07	1154	20250219T114321_schloma1	2.5804274904438724	1.0513300569467197	0.015991887042671037	1.0461034402059444	0.015913877837584835	0.005226616740775411	7.800920508620017e-05	0.0	0.0	1.0	0.0007020828457758015	0	0	0.047234573679694206	0	0	0	0	0	0	coral tissue	Cnidaria	Hexacorallia	Scleractinia	Portidae	Porites	sp.	5.78911100	102.90396400	20240419	1.8	0	0.8272876199391528	0.011740385365473126	0.02312972930805835	0	0.006240736406896014	0.016069896247757235	0	0.013768624697714331	0	0	0.010804274904438724	0.01357360168499883	0	0.009400109212887121	0	0	0	0	0	0.00951712302051642	0.00928309540525782	0	0.011233325532412824	0.008151961931507919	0.006903814650128715	0	0	0	0.006942819252671815	0	0	0	0	0.005304625945861612	0	0	0	0	0	0	0	0.0052656213433185115	0	0	0	0	0	0	0.005382635150947812	0	0	0	0	0	0	0	0	0	0	0	0	0	0	0	0	0	0	0	0	0	0	0	0	0	0	0	0	0	0	0	0	0	0	0	0	0	0	0
220341	Por2_E5	20240419_MY_BK_Por2_East_bottom5_field_MetaB_ITS2_Q2181805EW_Q2181168G6_2411-cv-1361_R1.fastq.gz	876da27f39c1f60f028246eccfb1ff0754926fb7ba8f1fad7c35118a6af50c54	20240419_MY_BK_Por2_East_bottom5_field_MetaB_ITS2_Q2181805EW_Q2181168G6_2411-cv-1361_R2.fastq.gz	7d97d0f9d5a4d525a515d5ae71acda8b63e11156496aa199a857f6de26140977	1154	20250219T114321_schloma1	2.592792590092624	1.0414744815689805	0.0151123110961113	1.037837027037162	0.01503731203359958	0.0036374545318183524	7.49990625117186e-05	0.0	0.0	1.0	0.0007124910938613267	0	0	0.04518693516331045	0	0	0	0	0	0	coral tissue	Cnidaria	Hexacorallia	Scleractinia	Portidae	Porites	sp.	5.78911100	102.90396400	20240419	3.2	0	0.8242771965350433	0.0096748790640117	0.02463719203509956	0	0.006824914688566393	0.013537330783365208	0	0.012412344845689429	0	0	0.011024862189222634	0.010687366407919901	0	0.009787377657779277	0	0	0	0	0	0.01016237297033787	0.0096748790640117	0	0.0118873514081074	0.0077624029699628755	0.007799902501218735	0	0	0	0.008212397345033188	0	0	0	0	0	0	0	0	0.005662429219634755	0	0	0	0.005249934375820302	0	0.00483743953200585	0	0	0	0.00588742640716991	0	0	0	0	0	0	0	0	0	0	0	0	0	0	0	0	0	0	0	0	0	0	0	0	0	0	0	0	0	0	0	0	0	0	0	0	0	0	0	0
220338	Por2_E2	20240419_MY_BK_Por2_East_top2_field_MetaB_ITS2_Q2181802E8_Q2181162GQ_2411-cv-1358_R1.fastq.gz	c423b9391d6eb0c4e7a7b11b8eabffeecc5f21855e29cee007d33a267027bdc4	20240419_MY_BK_Por2_East_top2_field_MetaB_ITS2_Q2181802E8_Q2181162GQ_2411-cv-1358_R2.fastq.gz	76912a58c704f402a7a77dd5cce2141f95a625ef847683d06bd76307596d303d	1154	20250219T114321_schloma1	2.597542941644864	1.0428089333788344	0.015091191749137376	1.0377279793728433	0.0150153566147196	0.0050809540059909755	7.583513441777576e-05	0.0	0.0	1.0	0.0006825162097599818	0	0	0.05714177378379403	0	0	0	0	0	0	coral tissue	Cnidaria	Hexacorallia	Scleractinia	Portidae	Porites	sp.	5.78911100	102.90396400	20240419	1.5	0	0.8215599287149736	0.011375270162666363	0.018655443066772835	0	0.005460129678079855	0.019072536306070604	0	0.012626549880559662	0	0	0.010692753952906382	0.013839912031244076	0	0.009934402608728623	0	0	0	0	0	0.011147764759413037	0.01141318772987525	0	0.017404163348879537	0.007697266143404239	0.007128502635270921	0	0	0	0.007697266143404239	0	0	0	0	0	0	0	0	0	0	0	0	0.004739695901110985	0	0.004512190497857657	0	0	0	0	0	0	0	0	0	0	0	0	0	0	0	0	0	0	0	0	0	0	0	0	0	0	0	0	0.005043036438782088	0	0	0	0	0	0	0	0	0	0	0	0	0	0	0
220332	Por2_W2	20240419_MY_BK_Por2_West_top2_field_MetaB_ITS2_Q2181796ET_Q2181150G3_2411-cv-1352_R1.fastq.gz	ebe6532eb59328aa85095f25785068a57035fb9369c420d6e2e7c0e150de4605	20240419_MY_BK_Por2_West_top2_field_MetaB_ITS2_Q2181796ET_Q2181150G3_2411-cv-1352_R2.fastq.gz	84ac2d7b3f35fc6167a715636f9800d7aeba6c7b131a6e2c695455560b64d82e	1154	20250219T114321_schloma1	2.5787480063795853	1.0369958988380041	0.013613579403053088	1.0358851674641147	0.013585099111414901	0.0011107313738892687	2.8480291638186374e-05	0.0	0.0	1.0	0.0005980861244019139	0	0	0.05266005923900661	0	0	0	0	0	0	coral tissue	Cnidaria	Hexacorallia	Scleractinia	Portidae	Porites	sp.	5.78911100	102.90396400	20240419	1.9	0	0.8161881977671451	0.0098257006151743	0.021929824561403508	0	0.006920710868079289	0.015521758942811574	0	0.012559808612440191	0	0	0.010281385281385282	0.011449077238550922	0	0.008629528366370471	0	0	0	0	0	0.009597858282068808	0.009256094782410572	0.005525176577808157	0.010195944406470722	0.007604237867395762	0.0072055137844611525	0	0	0	0.008857370699475963	0	0	0	0	0.005325814536340852	0	0	0	0	0	0	0	0.0065504670767828664	0	0.005582137161084529	0	0	0	0.005439735702893598	0.005553656869446343	0	0	0	0	0	0	0	0	0	0	0	0	0	0	0	0	0	0	0	0	0	0	0	0	0	0	0	0	0	0	0	0	0	0	0	0	0	0	0
220342	Por2_E6	20240419_MY_BK_Por2_East_bottom6_field_MetaB_ITS2_Q2181806E6_Q2181170GH_2411-cv-1362_R1.fastq.gz	33be4f634be6e15e3cca8c181e0da13bd35bf6900a6f625c2be5efa168692d6a	20240419_MY_BK_Por2_East_bottom6_field_MetaB_ITS2_Q2181806E6_Q2181170GH_2411-cv-1362_R2.fastq.gz	ca369e7c0a6b9715041dd10101df321601e4dcc16ea30b3859b8c8fd5760b0fa	1154	20250219T114321_schloma1	2.574468085106383	1.0251588181909852	0.015881819098517696	1.0226378945245538	0.01583140062518907	0.0025209236664313806	5.041847332862761e-05	0.0	0.0	1.0	0.0010083694665725521	0	0	0.06009882020772411	0	0	0	0	0	0	coral tissue	Cnidaria	Hexacorallia	Scleractinia	Portidae	Porites	sp.	5.78911100	102.90396400	20240419	3.8	0	0.8159221538771806	0.010033276192396894	0.020721992538065948	0	0.008470303519209438	0.01517596047191691	0	0.011142482605626702	0	0	0.01013411313905415	0.012201270545527882	0	0.009125743672481597	0	0	0	0	0	0.009478672985781991	0.008924069779167087	0.005041847332862761	0.010234950085711405	0.0065039830593929615	0.0065039830593929615	0	0.014066754058687103	0	0.008722395885852576	0	0	0	0	0	0	0	0	0	0	0	0	0	0	0.0058989613794494305	0	0	0	0	0.005798124432792175	0	0	0	0	0	0	0	0.0058989613794494305	0	0	0	0	0	0	0	0	0	0	0	0	0	0	0	0	0	0	0	0	0	0	0	0	0	0	0	0	0	0	0
220334	Por2_W4	20240419_MY_BK_Por2_West_middle4_field_MetaB_ITS2_Q2181798EB_Q2181154G1_2411-cv-1354_R1.fastq.gz	8bf6033ed3d469d63e5cdf73069a894fdef28a9b6cd4f4ecd4964824212f074b	20240419_MY_BK_Por2_West_middle4_field_MetaB_ITS2_Q2181798EB_Q2181154G1_2411-cv-1354_R2.fastq.gz	e7a038057f68021061fff3636de3cd2d8d7c746b95b3ada3a930b4a56eba1251	1154	20250219T114321_schloma1	2.539573598130841	1.0231454439252337	0.014675817757009347	1.0205534462616823	0.014639310747663552	0.0025919976635514017	3.650700934579439e-05	0.0	0.0	1.0	0.0007666471962616822	0	0	0.052862149532710276	0	0	0	0	0	0	coral tissue	Cnidaria	Hexacorallia	Scleractinia	Portidae	Porites	sp.	5.78911100	102.90396400	20240419	2.9	0	0.8095429322429907	0.009345794392523364	0.023474007009345793	0	0.0065712616822429905	0.013434579439252336	0	0.011682242990654205	0	0	0.009126752336448598	0.012266355140186916	0	0.009345794392523364	0	0	0	0	0	0.010148948598130841	0.010185455607476636	0.006826810747663552	0.010842581775700934	0.007045852803738318	0.007739485981308411	0	0.012923481308411216	0	0.005841121495327103	0	0	0	0	0.006352219626168224	0	0	0	0	0	0	0	0	0	0.005476051401869159	0	0	0	0.006023656542056075	0	0	0	0	0	0	0	0	0.005804614485981309	0	0	0	0	0	0	0	0	0	0	0	0	0	0	0	0	0	0	0	0	0	0	0	0	0	0	0	0	0	0	0
220333	Por2_W3	20240419_MY_BK_Por2_West_middle3_field_MetaB_ITS2_Q2181797E3_Q2181152GJ_2411-cv-1353_R1.fastq.gz	bdb1ba876137b70839f12e5f1e06a7e45a6260b96dccd043bfbdc5a548acbfff	20240419_MY_BK_Por2_West_middle3_field_MetaB_ITS2_Q2181797E3_Q2181152GJ_2411-cv-1353_R2.fastq.gz	6682e6cde9199fa613ff45e229a6d10553863d5e30170e8bd991551f40f30fe4	1154	20250219T114321_schloma1	2.566530212378853	1.027010951331304	0.01588467863265806	1.0249816311535636	0.0158496903537315	0.002029320177740457	3.49882789265596e-05	0.0	0.0	1.0	0.0008047304153108709	0	0	0.0648682691298415	0	0	0	0	0	0	coral tissue	Cnidaria	Hexacorallia	Scleractinia	Portidae	Porites	sp.	5.78911100	102.90396400	20240419	2.3	0	0.8073895245092894	0.009936671215142927	0.020503131450963927	0	0.006437843322486967	0.014870018543787831	0	0.012665756971414576	0	0	0.01147615548791155	0.012560792134634898	0	0.008432175221300865	0	0	0	0	0	0.009306882194464855	0.010356530562261643	0	0.0089220111262727	0.006507819880340086	0.007382526853504076	0	0.010321542283335082	0	0.006717749553899444	0	0	0	0	0.004758405934012106	0	0	0	0	0	0	0	0.005493159791469858	0	0.005423183233616739	0	0	0	0.0049683356075714636	0.0049683356075714636	0	0	0	0	0	0	0	0.006087960533221371	0	0	0	0	0	0	0	0	0.0045134879815261885	0	0	0	0	0	0	0	0	0	0	0	0	0	0	0	0	0	0	0	0	0	0
220337	Por2_E1	20240419_MY_BK_Por2_East_top1_field_MetaB_ITS2_Q2181801E0_Q2181160GA_2411-cv-1357_R1.fastq.gz	c844cb8d106a0f9f5eaa4c58575ea2c5756879a6209930728d755a7f84ed45a7	20240419_MY_BK_Por2_East_top1_field_MetaB_ITS2_Q2181801E0_Q2181160GA_2411-cv-1357_R2.fastq.gz	657040adad5a86b8ca045bb3069438e3d21564bf83f659f38763b14030ec22de	1154	20250219T114321_schloma1	2.585434700790365	1.0372224313135114	0.014828754234098608	1.0338727888596162	0.014753481369966128	0.003349642453895371	7.527286413248025e-05	0.0	0.0	1.0	0.0008280015054572827	0	0	0.057508468197214904	0	0	0	0	0	0	coral tissue	Cnidaria	Hexacorallia	Scleractinia	Portidae	Porites	sp.	5.78911100	102.90396400	20240419	1.5	0	0.8052691004892736	0.010274745954083554	0.02468949943545352	0	0.008581106511102747	0.014753481369966128	0	0.012156567557395559	0	0	0.010876928867143395	0.013662024840045164	0	0.008957470831765148	0	0	0	0	0	0.009898381633421152	0.010237109522017313	0	0.010462928114414754	0.007828377869777945	0.007113285660519383	0	0	0	0.008694015807301468	0	0	0	0	0	0	0	0	0.004892736168611215	0	0	0	0.00624764772299586	0	0.005005645464809936	0	0	0	0.005231464057207377	0.0057960105382009785	0.004365826119683854	0	0	0	0	0	0	0	0	0	0	0	0	0	0.005005645464809936	0	0	0	0	0	0	0	0	0	0	0	0	0	0	0	0	0	0	0	0	0	0	0	0
220336	Por2_W6	20240419_MY_BK_Por2_West_bottom6_field_MetaB_ITS2_Q2181800EQ_Q2181158GX_2411-cv-1356_R1.fastq.gz	756ec64a42004d349ab9835a1dd7c8d08682dc291f9103f7d64989743d760e27	20240419_MY_BK_Por2_West_bottom6_field_MetaB_ITS2_Q2181800EQ_Q2181158GX_2411-cv-1356_R2.fastq.gz	e184d5a4defe80e52509e7fb9f10afd0b83e0df2bf3a63b15e530c57a4f17517	1154	20250219T114321_schloma1	2.547406775719048	1.0334134429025505	0.015039925575626018	1.029924800372122	0.014962400186060935	0.0034886425304287154	7.752538956508256e-05	0.0	0.0	1.0	0.0008915419799984495	0	0	0.05709744941468331	0	0	0	0	0	0	coral tissue	Cnidaria	Hexacorallia	Scleractinia	Portidae	Porites	sp.	5.78911100	102.90396400	20240419	4.8	0	0.803201798589038	0.010737266454763935	0.02476936196604388	0	0.006899759671292348	0.015311264439103807	0	0.01213272346693542	0	0	0.00938057213737499	0.011396232266067136	0	0.008605318241724164	0	0	0	0	0	0.009806961779982944	0.008876657105201954	0	0.01147375765563222	0.009768199085200402	0.007519962787813009	0	0	0	0.008101403209551128	0	0	0	0	0.005891929606946275	0	0	0	0	0	0	0	0	0	0.005775641522598651	0	0	0	0.0062020311652066056	0.0058144042173811925	0.0041863710365144585	0	0	0	0	0	0	0.004302659120862082	0	0	0	0	0	0	0.005077913016512908	0	0	0	0	0	0.004767811458252578	0	0	0	0	0	0	0	0	0	0	0	0	0	0	0	0	0	0
220335	Por2_W5	20240419_MY_BK_Por2_West_bottom5_field_MetaB_ITS2_Q2181799EJ_Q2181156GH_2411-cv-1355_R1.fastq.gz	35ff75e2e173682ea00c5eac2598836b9b97b63ace2e56f78d6a4e8a97a27474	20240419_MY_BK_Por2_West_bottom5_field_MetaB_ITS2_Q2181799EJ_Q2181156GH_2411-cv-1355_R2.fastq.gz	7558f1a5bc2f9822a36dd1a7171de611de4834858b7ff1360739bdd10d854d45	1154	20250219T114321_schloma1	2.632856490640694	1.0355729721503577	0.014419418657738547	1.0308933191295084	0.014343326738700351	0.004679653020849186	7.609191903819814e-05	0.0	0.0	1.0	0.0008750570689392786	0	0	0.06840663521534013	0	0	0	0	0	0	coral tissue	Cnidaria	Hexacorallia	Scleractinia	Portidae	Porites	sp.	5.78911100	102.90396400	20240419	3.8	0	0.8013620453507837	0.010158271191599452	0.022447116116268453	0	0.005935169684979455	0.014000913103028458	0	0.011375741896210623	0	0	0.009359306041698372	0.013201947953127378	0	0.009549535839293867	0	0	0	0	0	0.01027240907015675	0.009739765636889362	0	0.010196317151118552	0.0076091919038198145	0.007989651499010805	0	0.012631258560340891	0	0.006391721199208644	0	0	0	0	0.004984020697001978	0	0	0	0.004945974737482879	0	0	0	0.00658195099680414	0	0.005440572211231167	0	0	0	0.006011261604017653	0.005402526251712068	0	0	0	0	0	0	0	0	0	0	0	0	0	0	0	0	0	0	0	0	0	0	0	0	0	0	0	0.004413331304215493	0	0	0	0	0	0	0	0	0	0	0
220340	Por2_E4	20240419_MY_BK_Por2_East_middle4_field_MetaB_ITS2_Q2181804EO_Q2181166GO_2411-cv-1360_R1.fastq.gz	72c83c7debcf5728244a7a96cd0a46ac21835ffa49562981c77fad6f9d3ed38d	20240419_MY_BK_Por2_East_middle4_field_MetaB_ITS2_Q2181804EO_Q2181166GO_2411-cv-1360_R2.fastq.gz	133c03a08ed2244306135ab723f7a17e6487660b49c2604c23dc7dc689e64e1f	1154	20250219T114321_schloma1	2.527669449189416	1.0291681438746898	0.013472137170851195	1.0258484545718245	0.013439907177619493	0.0033196893028652466	3.222999323170142e-05	0.0	0.0	1.0	0.0007735198375608341	0	0	0.06091468720791569	0	0	0	0	0	0	coral tissue	Cnidaria	Hexacorallia	Scleractinia	Portidae	Porites	sp.	5.78911100	102.90396400	20240419	2.2	0	0.7993038321461953	0.012054017468656331	0.021916395397556968	0	0.006897218551584104	0.014793566893350952	0	0.013020917265607375	0	0	0.010829277725851677	0.013697747123473105	0	0.008121958294388758	0	0	0	0	0	0.009475618010120217	0.01021690785444935	0	0.011022657685241886	0.007638508395913237	0.008025268314693653	0	0	0	0.007509588422986431	0	0	0	0	0.0050923389306088244	0	0	0	0.0046088890321333035	0	0	0	0.005350178876462436	0	0.004931188964450318	0	0	0	0.005253488896767332	0.00522125890353563	0	0	0	0	0	0	0	0.005640248815547749	0	0	0	0	0	0	0.004415509072743095	0	0	0	0	0	0.004963418957682019	0	0	0	0	0	0	0	0	0	0	0	0	0	0	0	0	0	0
220346	Por3_E4	20240420_MY_BB_Por3_East_bottom4_field_MetaB_ITS2_Q2181810EX_Q2181178GD_2411-cv-1366_R1.fastq.gz	33f59898462caf3019654f9734b6422924e8b261f8054c2ae443478040fe2475	20240420_MY_BB_Por3_East_bottom4_field_MetaB_ITS2_Q2181810EX_Q2181178GD_2411-cv-1366_R2.fastq.gz	02aede3509522ab382147d91c2db4095a599969e81e993cdffc412ced6fab4b1	1154	20250219T114321_schloma1	2.5500815660685157	1.0388617001993836	0.01547942722494109	1.0386079390973355	0.015443175638934204	0.0	0.0	0.00025376110204821463	3.62515860068878e-05	1.0	0.00036251586006887804	0	0	0.03556280587275693	0	0	0	0	0	0	coral tissue	Cnidaria	Hexacorallia	Scleractinia	Portidae	Porites	sp.	5.79654900	102.90168900	20240420	6.6	0	0.8419430850099692	0	0	0.027116186333152076	0.011165488490121443	0	0.020590900851912272	0	0.013304332064527823	0.025956135580931666	0	0	0	0	0.023273518216421967	0.012144281312307414	0.009534167119811492	0	0	0	0	0	0	0	0	0.014971905020844662	0	0	0	0	0	0	0	0	0	0	0	0	0	0	0	0	0	0	0	0	0	0	0	0	0	0	0	0	0	0	0	0	0	0	0	0	0	0	0	0	0	0	0	0	0	0	0	0	0	0	0	0	0	0	0	0	0	0	0	0	0	0
220360	Por5_E2	20240422_MY_BBr_Por5_East_middle2_field_MetaB_ITS2_Q2181824E4_Q2181206GM_2411-cv-1380_R1.fastq.gz	a122a0e1dfd9507d0e4a66d5ccd594a4c71dc250ac28284c510547000360e710	20240422_MY_BBr_Por5_East_middle2_field_MetaB_ITS2_Q2181824E4_Q2181206GM_2411-cv-1380_R2.fastq.gz	2cc5ec94860cea466a7738bce7d95330dafa06edfd352207b1a2624047b34933	1154	20250219T114321_schloma1	2.5753895611019333	1.0331740858150644	0.017145153368754745	1.030807697459481	0.01696655802116355	0.0022324418448899405	0.00013394651069339645	0.00013394651069339645	4.4648836897798814e-05	1.0	0.0008036790641603786	0	0	0.014019734785908827	0	0	0	0	0	0	coral tissue	Cnidaria	Hexacorallia	Scleractinia	Portidae	Porites	sp.	5.80202800	102.89525000	20240422	9	0	0.8574362637853284	0	0.013796490601419834	0.010760369692369513	0.01544849756663839	0.008974416216457561	0	0.0068759208822610175	0.01089431620306291	0	0	0.006608027860874224	0	0	0	0.010269232486493727	0.007009867392954413	0	0	0	0	0.005045318569451266	0	0.005759699959816047	0	0	0	0.005848997633611645	0.0051346162432468635	0	0	0	0	0.008706523195070768	0	0	0	0.009912041791311336	0	0	0	0.005045318569451266	0	0	0	0	0	0	0	0.0064740813501808275	0	0	0	0	0	0	0	0	0	0	0	0	0	0	0	0	0	0	0	0	0	0	0	0	0	0	0	0	0	0	0	0	0	0	0	0	0	0
220345	Por3_E3	20240420_MY_BB_Por3_East_middle3_field_MetaB_ITS2_Q2181809EU_Q2181176GV_2411-cv-1365_R1.fastq.gz	73b2c83eded8d2e0e5b5afa12b0c590d7bb1aaf5c43af6ea12c15521fcdb0bec	20240420_MY_BB_Por3_East_middle3_field_MetaB_ITS2_Q2181809EU_Q2181176GV_2411-cv-1365_R2.fastq.gz	d41908108a8c638c83a08795c6f2d0f7a65cbe733ea74f95336f4b919c2e27f2	1154	20250219T114321_schloma1	2.5127478753541075	1.0383223166509286	0.0170758577274158	1.0383223166509286	0.0170758577274158	0.0	0.0	0.0	0.0	1.0	0.00043279823733081524	0	0	0.03635505193578848	0	0	0	0	0	0	coral tissue	Cnidaria	Hexacorallia	Scleractinia	Portidae	Porites	sp.	5.79654900	102.90168900	20240420	6.1	0	0.8373072080579163	0	0	0.028249921309411393	0.011174063581995594	0	0.02073497009757633	0	0.012865911237016053	0.02305634246144161	0	0	0	0	0.021954674220963172	0.013298709474346868	0.008380547686496695	0	0	0	0	0	0	0	0	0.01562008183821215	0	0.007357570034623859	0	0	0	0	0	0	0	0	0	0	0	0	0	0	0	0	0	0	0	0	0	0	0	0	0	0	0	0	0	0	0	0	0	0	0	0	0	0	0	0	0	0	0	0	0	0	0	0	0	0	0	0	0	0	0	0	0	0	0	0
220350	Por3_W4	20240420_MY_BB_Por3_West_bottom4_field_MetaB_ITS2_Q2181814EV_Q2181186G4_2411-cv-1370_R1.fastq.gz	87fc4fe4b8bd2703502a9d2f186b2dc4fea954ad61922064539f29bf645f74a5	20240420_MY_BB_Por3_West_bottom4_field_MetaB_ITS2_Q2181814EV_Q2181186G4_2411-cv-1370_R2.fastq.gz	d116cd620392396f398899a7455c342b5144830dac6b5c73efe59f03d5f7fa82	1154	20250219T114321_schloma1	2.5405201025080872	1.0415073730202076	0.015796328193925135	1.0413393269755913	0.01575431668277108	0.0	0.0	0.00016804604461622484	4.201151115405621e-05	1.0	0.0005041381338486746	0	0	0.04100323488635886	0	0	0	0	0	0	coral tissue	Cnidaria	Hexacorallia	Scleractinia	Portidae	Porites	sp.	5.79654900	102.90168900	20240420	7.4	0	0.8304415409822291	0	0	0.02764357433936899	0.011889257656597908	0	0.024534722513968828	0	0.013023568457757425	0.026089148426668908	0	0	0	0	0.024996849136663446	0.008780405831197748	0.008486325253119355	0	0	0	0	0	0	0	0	0.016468512372390037	0	0.007436037474267949	0	0	0	0	0	0	0	0	0	0	0	0	0	0	0	0	0	0	0	0	0	0	0	0	0	0	0	0	0	0	0	0	0	0	0	0	0	0	0	0	0	0	0	0	0	0	0	0	0	0	0.00021005755577028105	0	0	0	0	0	0	0	0	0
220344	Por3_E2	20240420_MY_BB_Por3_East_middle2_field_MetaB_ITS2_Q2181808EM_Q2181174GF_2411-cv-1364_R1.fastq.gz	8ca7192a4ed4dda8ce6d1c7d7c86f2643f38aad69a68060a3596af7e02dc0b14	20240420_MY_BB_Por3_East_middle2_field_MetaB_ITS2_Q2181808EM_Q2181174GF_2411-cv-1364_R2.fastq.gz	77683a88ccb37d05feea9f975ade44f5569c22d83a73d177e7efb8c7ecb9d182	1154	20250219T114321_schloma1	2.514529294395066	1.0376927262833302	0.01534554688917105	1.0375476147288227	0.015309269000544167	0.0	0.0	0.00014511155450752766	3.6277888626881916e-05	1.0	0.00043533466352258296	0	0	0.04610919644476691	0	0	0	0	0	0	coral tissue	Cnidaria	Hexacorallia	Scleractinia	Portidae	Porites	sp.	5.79654900	102.90168900	20240420	5.7	0	0.8240159622709958	0	0	0.029602757119535642	0.0102303645927807	0	0.025104298929802284	0	0.012153092690005442	0.029639035008162524	0	0	0	0	0.021367676401233448	0.01099220025394522	0.009250861599854889	0	0	0	0	0	0	0	0	0.014257210230364593	0	0.006638853618719391	0	0	0	0	0	0	0	0	0	0	0	0	0	0	0	0	0	0	0	0	0	0	0	0	0	0	0	0	0	0	0	0	0.006747687284600036	0	0	0	0	0	0	0	0	0	0	0	0	0	0	0	0	0	0	0	0	0	0	0	0	0	0	0
220349	Por3_W3	20240420_MY_BB_Por3_West_middle3_field_MetaB_ITS2_Q2181813EN_Q2181184GM_2411-cv-1369_R1.fastq.gz	93e1f6c3b6750f3c1dc8336e7a93bdf2e4f9495807a57989d4489975722dabf9	20240420_MY_BB_Por3_West_middle3_field_MetaB_ITS2_Q2181813EN_Q2181184GM_2411-cv-1369_R2.fastq.gz	d2b6c509487136691318e946ed37de059fa3539b77865b4f5900f16c13f9409d	1154	20250219T114321_schloma1	2.4750388414973763	1.0299885674083193	0.013367337964998682	1.029695424031894	0.01333802362735614	0.0	0.0	0.00029314337642540966	2.931433764254097e-05	1.0	0.00038108638935303255	0	0	0.043355905373318085	0	0	0	0	0	0	coral tissue	Cnidaria	Hexacorallia	Scleractinia	Portidae	Porites	sp.	5.79654900	102.90168900	20240420	6.7	0	0.8213291120687128	0	0	0.029548852343681296	0.010787676252455075	0	0.02362735613988802	0	0.011901621082871633	0.02641221821592941	0	0	0	0	0.02324626975053499	0.012399964822794828	0.008149385864626388	0	0	0	0	0	0	0	0	0.014686483158913024	0	0.006888869345997127	0	0	0	0	0	0	0	0	0	0	0	0	0	0	0	0	0	0	0	0	0	0	0	0	0	0	0	0	0	0	0	0	0.005042066074517047	0	0	0	0	0	0	0	0.005980124879078357	0	0	0	0	0	0	0	0	0	0	0	0	0	0	0	0	0	0	0
220343	Por3_E1	20240420_MY_BB_Por3_East_top1_field_MetaB_ITS2_Q2181807EE_Q2181172GX_2411-cv-1363_R1.fastq.gz	829fe1aa31b82e93fdf40b3c8cdd55dbe4469060e38fed42bf357dba3531f6a9	20240420_MY_BB_Por3_East_top1_field_MetaB_ITS2_Q2181807EE_Q2181172GX_2411-cv-1363_R2.fastq.gz	1d80d49dfeadb47777fc3a3b758262f724216ae1e358ef6e6c4ebb2ade7812f7	1154	20250219T114321_schloma1	2.6021750225746927	1.0491539397746457	0.017667150877468493	1.0487613364218131	0.01762789054218523	0.00039260335283263317	3.926033528326332e-05	0.0	0.0	1.0	0.0006281653645322131	0	0	0.038867731930430686	0	0	0	0	0	0	coral tissue	Cnidaria	Hexacorallia	Scleractinia	Portidae	Porites	sp.	5.79654900	102.90168900	20240420	5.4	0	0.8325154096815987	0.004475678222292018	0	0.02320285815240862	0.009775823485532567	0	0.019904989988614504	0	0.009775823485532567	0.023045816811275568	0	0	0	0	0.020533155353146718	0.0101684268383652	0.0066742569981547645	0	0	0	0	0.005574967610223391	0	0	0	0.012092183267245102	0	0.006046091633622551	0	0	0	0	0	0	0	0	0	0	0	0	0	0	0	0	0	0	0	0	0	0	0	0	0	0	0	0	0	0	0	0	0.006870558674571081	0	0	0	0	0	0	0	0.004593459228141809	0	0	0	0	0.004750500569274862	0	0	0	0	0	0	0	0	0	0	0	0	0	0
220361	Por5_E3	20240422_MY_BBr_Por5_East_middle3_field_MetaB_ITS2_Q2181825EC_Q2181208G4_2411-cv-1381_R1.fastq.gz	4993f297f15ead84b9478de849de1cc1e6ddacd9268f130b57a982b4b8aab3ed	20240422_MY_BBr_Por5_East_middle3_field_MetaB_ITS2_Q2181825EC_Q2181208G4_2411-cv-1381_R2.fastq.gz	5e4e3274735e57ab8893561bb6bf082bb62e0a53fe8f1988f9c4b579d9c3bb4d	1154	20250219T114321_schloma1	2.583732057416268	1.0238503962891268	0.014354066985645933	1.0233025311370028	0.014317542642171006	0.0	0.0	0.0005478651521238906	3.652434347492604e-05	1.0	0.0007670112129734468	0	0	0.041016837722341944	0	0	0	0	0	0	coral tissue	Cnidaria	Hexacorallia	Scleractinia	Portidae	Porites	sp.	5.80202800	102.89525000	20240422	9.3	0.00036524343474926037	0.7696409657036415	0	0	0.024361737097775667	0.022572044267504292	0	0	0	0.03561123488805289	0.012345228094525	0	0	0	0	0	0.02231637386317981	0.02469045618905	0	0	0	0	0	0	0	0	0.007049198290660725	0	0.01826217173746302	0	0	0	0	0	0	0	0	0	0	0	0	0	0	0.015997662442017606	0	0	0	0	0	0	0	0	0	0	0	0.008619745060082545	0.008291025968808211	0	0	0.006099565360312648	0.006976149603710873	0	0.006026516673362796	0.004894262025640089	0	0	0	0.0044559699039409765	0	0	0	0	0	0	0	0	0	0	0.0008400598999232988	0.00018262171737463018	0.0004017677782241864	0	0	0	0	0	0	0	0
220365	Por5_W3	20240422_MY_BBr_Por5_West_middle3_field_MetaB_ITS2_Q2181829EA_Q2181216GT_2411-cv-1385_R1.fastq.gz	7019f6dbc41a4ec7fa34b0ef2038a2203a40a5d68eecc63d3335e84e4d6f86a4	20240422_MY_BBr_Por5_West_middle3_field_MetaB_ITS2_Q2181829EA_Q2181216GT_2411-cv-1385_R2.fastq.gz	cadcccb2077b3422ea91d7bd8bdeee7f9b72efbaf4e92d8c8468a29b21001be1	1154	20250219T114321_schloma1	2.544792370654051	1.0238792520838027	0.01708342719831794	1.0234662461515356	0.017045881204475484	0.0	0.0	0.0004130059322670271	3.754599384245701e-05	1.0	0.0008635578583765112	0	0	0.049485619884358345	0.00030036795073965606	0	0	0	0	0	coral tissue	Cnidaria	Hexacorallia	Scleractinia	Portidae	Porites	sp.	5.80202800	102.89525000	20240422	10.2	0	0.7825711496583314	0	0	0.021889314410152436	0.016745513253735828	0	0.005031163174889239	0	0.03217691672298566	0.012239993992640984	0	0	0	0	0.0051062551625741534	0.016144777352256515	0.019411278816550272	0	0	0	0	0	0	0	0	0.0069084628670120895	0.009011038522189683	0.015018397536982805	0	0	0	0	0	0	0	0	0	0	0	0	0	0	0.012840729894120297	0	0	0	0	0	0	0	0	0	0	0	0.005556807088683637	0.00653300292858752	0	0	0.006082451002478036	0.004280243298040099	0	0.0057445370578959225	0.0051438011564166105	0	0	0.004993617181046782	0	0.006044905008635579	0	0	0	0	0	0	0	0	0	0	0	0	0.00022527596305474206	0	0.00030036795073965606	0	0	0	0	0
220366	Por5_W4	20240422_MY_BBr_Por5_West_bottom4_field_MetaB_ITS2_Q2181830ED_Q2181218GB_2411-cv-1386_R1.fastq.gz	70d26d818b649c24f67d2fec7a4694b2e30e3551e1bb626c7f0d24dedc861be8	20240422_MY_BBr_Por5_West_bottom4_field_MetaB_ITS2_Q2181830ED_Q2181218GB_2411-cv-1386_R2.fastq.gz	066b3f837f32021b8dacce0eadd4b495d9085acb5d12659250b17a0d11a91d7b	1154	20250219T114321_schloma1	2.7083166733306676	1.014594162335066	0.01879248300679728	1.0140610422497667	0.018659202985472478	0.0	0.0	0.0005331200852992136	0.0001332800213248034	1.0	0.0013328002132480341	0	0	0.05244568839131014	0	0	0	0	0	0	coral tissue	Cnidaria	Hexacorallia	Scleractinia	Portidae	Porites	sp.	5.80202800	102.89525000	20240422	10.8	0	0.7688258030121284	0	0	0.027855524456883912	0.017059842729574837	0	0	0	0.0350526456084233	0.010729041716646674	0	0	0	0	0.0063308010129281625	0.016926562708250034	0.020858323337331734	0	0	0	0	0	0	0	0	0.008396641343462616	0.012128481940557111	0.02039184326269492	0	0	0	0	0	0	0	0	0	0	0	0	0	0	0.015727042516326804	0	0	0	0	0	0	0	0	0	0	0	0.0059976009596161535	0.006863921098227376	0	0	0.00626416100226576	0.004864720778355325	0	0.005197920831667333	0.004664800746368119	0	0	0	0.005531120884979342	0	0	0	0	0	0	0	0	0	0	0	0.00033320005331200853	0	0	0	0	0	0	0	0	0
220362	Por5_E4	20240422_MY_BBr_Por5_East_bottom4_field_MetaB_ITS2_Q2181826EK_Q2181210GF_2411-cv-1382_R1.fastq.gz	b5d5c58ff96cb4dd0d84a38ba3256bf48cfa296c000d32fca8548b66541644b7	20240422_MY_BBr_Por5_East_bottom4_field_MetaB_ITS2_Q2181826EK_Q2181210GF_2411-cv-1382_R2.fastq.gz	a3c3c15681c17ad7d5161ceea8cc46b558aa5aefac4fe596e27de41655ac5083	1154	20250219T114321_schloma1	2.536058516514915	1.0171816069183588	0.016838736713779574	1.0166101565773935	0.01680064002438188	0.0	0.0	0.0005714503409653701	3.809668939769134e-05	1.0	0.0007238370985561354	0	0	0.03882052649624747	0	0	0	0	0	0	coral tissue	Cnidaria	Hexacorallia	Scleractinia	Portidae	Porites	sp.	5.80202800	102.89525000	20240422	9.9	0	0.7636100422873252	0	0	0.021905596403672522	0.021791306335479446	0	0	0	0.03318221646538916	0.011429006819307402	0	0	0	0	0.00540972989447217	0.01939121490342489	0.02415330107813631	0	0	0	0	0	0	0	0	0	0	0.022629433502228655	0	0	0	0	0	0	0	0	0	0	0	0	0	0	0.016648253266791115	0	0	0	0	0	0	0	0	0	0	0	0.01108613661472818	0.009524172349422835	0	0	0.0072002742961636635	0.00822888490990133	0	0.0055621166520629355	0.005143053068688331	0	0	0	0.005943083546039849	0.006895500780982133	0	0	0	0	0	0	0	0	0	0.0002666768257838394	0	0	0	0	0	0	0	0	0	0
220352	Por4_E2	20240421_MY_KN_Por4_East_middle2_field_MetaB_ITS2_Q2181816ED_Q2181190GV_2411-cv-1372_R1.fastq.gz	7ed59cb8e04bc75d2299208812ec8b7e03e24675b085ab8099ddbfca84705930	20240421_MY_KN_Por4_East_middle2_field_MetaB_ITS2_Q2181816ED_Q2181190GV_2411-cv-1372_R2.fastq.gz	7b8f4f83a1a6006df4ce64c5dcc0ea4be5d11d8e6a3bb78f0f15bc706270c4fd	1154	20250219T114321_schloma1	2.574966180670374	1.0406583496167143	0.015143544265744777	1.0406583496167143	0.015143544265744777	0.0	0.0	0.0	0.0	1.0	0.0004885014279272508	0	0	0.034307831053660004	0	0	0	0	0	0	coral tissue	Cnidaria	Hexacorallia	Scleractinia	Portidae	Porites	sp.	5.80516700	102.89116100	20240421	10.9	0	0.8820832707049452	0.008830602735607996	0.011836765369006463	0	0	0	0	0	0	0	0	0	0	0.009093641966030363	0	0	0	0	0	0	0	0	0	0	0	0	0	0	0	0.015444160529084624	0.01488050503532241	0	0	0	0.009582143393957613	0	0	0	0.011385840973996694	0	0.00984518262437998	0	0	0	0.0063505185630542615	0.007477829550578686	0.007026905155568916	0	0	0	0.006162633398466857	0	0	0	0	0	0	0	0	0	0	0	0	0	0	0	0	0	0	0	0	0	0	0	0	0	0	0	0	0	0	0	0	0	0	0	0	0
220355	Por4_W1	20240421_MY_KN_Por4_West_top1_field_MetaB_ITS2_Q2181819E3_Q2181196GB_2411-cv-1375_R1.fastq.gz	f5000c5bc0f80350b576ea0a83882f1c8cab86c1849d1f6c05da47d9a0f847bf	20240421_MY_KN_Por4_West_top1_field_MetaB_ITS2_Q2181819E3_Q2181196GB_2411-cv-1375_R2.fastq.gz	d951d5c77495efb1293c2a50dff36e8bc92a0860b193d6f8744ec4d29833790a	1154	20250219T114321_schloma1	2.5837627563908256	1.0384459937354753	0.017631605537031424	1.0384459937354753	0.017631605537031424	0.0	0.0	0.0	0.0	1.0	0.0007072850358694554	0	0	0.040264726684854	0	0	0	0	0	0	coral tissue	Cnidaria	Hexacorallia	Scleractinia	Portidae	Porites	sp.	5.80516700	102.89116100	20240421	10.6	0	0.8745074264928766	0.008083257552793776	0.01333737496210973	0	0	0	0	0	0	0	0	0	0	0.010407194099221986	0	0	0	0	0	0	0	0.004849954531676266	0	0	0	0	0	0	0	0.0157118318682429	0.014802465393553602	0	0	0	0.011164999494796404	0	0	0	0.009800949782762454	0	0.008537940790138426	0	0	0	0.008942103667778114	0.006971809639284632	0.007123370718399515	0	0	0	0	0	0	0.005759321006365566	0	0	0	0	0	0	0	0	0	0	0	0	0	0	0	0	0	0	0	0	0	0	0	0	0	0	0	0	0	0	0	0	0	0
220354	Por4_E4	20240421_MY_KN_Por4_East_bottom4_field_MetaB_ITS2_Q2181818ET_Q2181194GT_2411-cv-1374_R1.fastq.gz	b576069c3b4100ced5008b406964d5a11399662a2194f0ba66c2056bfc26c06d	20240421_MY_KN_Por4_East_bottom4_field_MetaB_ITS2_Q2181818ET_Q2181194GT_2411-cv-1374_R2.fastq.gz	2c7e2f24402749e1a8eba7685ecf570d7edf08b7a4e0d19835acae026b96687f	1154	20250219T114321_schloma1	2.5320258557367414	1.0297487880123402	0.01593947407080946	1.0297487880123402	0.01593947407080946	0.0	0.0	0.0	0.0	1.0	0.0005876303804906713	0	0	0.04377846334655501	0	0	0	0	0	0	coral tissue	Cnidaria	Hexacorallia	Scleractinia	Portidae	Porites	sp.	5.80516700	102.89116100	20240421	12	0	0.8729616571176729	0.007455560452475393	0.013148229763478772	0	0	0	0	0	0	0	0	0	0	0.00965917437931541	0	0	0	0	0	0	0	0.00495813133539004	0	0	0	0	0	0	0	0.013515498751285441	0.014580578815924783	0	0	0	0.010907888937858087	0	0	0	0.0083370060232114	0	0.0067944762744233875	0	0	0	0.007308652857352725	0.006023211400029382	0.007639194946378728	0	0	0	0.005215219626854708	0	0.006317026590274717	0.005178492728074042	0	0	0	0	0	0	0	0	0	0	0	0	0	0	0	0	0	0	0	0	0	0	0	0	0	0	0	0	0	0	0	0	0	0
220357	Por4_W3	20240421_MY_KN_Por4_West_middle3_field_MetaB_ITS2_Q2181821EE_Q2181200G8_2411-cv-1377_R1.fastq.gz	ad67eadc7438f3e5544f33d32f6fe9801ab5853590a172dedd9cd4e441f0228f	20240421_MY_KN_Por4_West_middle3_field_MetaB_ITS2_Q2181821EE_Q2181200G8_2411-cv-1377_R2.fastq.gz	da09c2d463fc8c88bd34c3d62a79d21f39ba33b1772992b3dd31f965a24f241e	1154	20250219T114321_schloma1	2.528839562591807	1.0427289048473967	0.017235188509874325	1.0427289048473967	0.017235188509874325	0.0	0.0	0.0	0.0	1.0	0.0006202056471356291	0	0	0.04592786029051738	0	0	0	0	0	0	coral tissue	Cnidaria	Hexacorallia	Scleractinia	Portidae	Porites	sp.	5.80516700	102.89116100	20240421	11.4	0	0.8649257385343562	0.008813448669822099	0.0138730210543496	0	0	0	0	0	0	0	0	0	0	0.009498939121919374	0	0	0	0	0	0	0	0	0	0	0.005288069201893259	0	0	0	0	0.013187530602252326	0.013154888199771503	0	0	0	0.011816549698057777	0	0	0	0.008030031010282357	0	0.009041945487187857	0	0	0	0.006463195691202872	0.0067569773135302755	0.0067569773135302755	0	0	0	0.005288069201893259	0	0.007409825363146727	0.004504651542353517	0	0	0	0	0	0	0	0	0	0	0	0	0	0	0	0	0	0	0	0	0	0.004602578749795985	0	0.00029378162232740327	0.00029378162232740327	0	0	0	0	0	0	0	0	0
220356	Por4_W2	20240421_MY_KN_Por4_West_middle2_field_MetaB_ITS2_Q2181820E6_Q2181198GR_2411-cv-1376_R1.fastq.gz	b1c609403746ec3129be6deeb84fad2254ae8bdbcea3f3ab8cef9eed91b5a7a6	20240421_MY_KN_Por4_West_middle2_field_MetaB_ITS2_Q2181820E6_Q2181198GR_2411-cv-1376_R2.fastq.gz	42a0fa5575a0aedc23d510d5693d106fd1ed6f4ac440758f624b306f43e9bf04	1154	20250219T114321_schloma1	2.652844252648097	1.0355825814044723	0.01655551196547666	1.0355825814044723	0.01655551196547666	0.0	0.0	0.0	0.0	1.0	0.0007846214201647705	0	0	0.04386033738721067	0	0	0	0	0	0	coral tissue	Cnidaria	Hexacorallia	Scleractinia	Portidae	Porites	sp.	5.80516700	102.89116100	20240421	10.8	0	0.8637897214593958	0.008120831698705375	0.013691643781875245	0	0	0	0	0	0	0	0	0	0	0.011573165947430365	0	0	0	0	0	0	0	0.004668497449980384	0	0	0.0061592781482934485	0	0	0	0	0.013652412710867007	0.013495488426834052	0	0	0	0.011298548450372696	0	0	0	0.00823852491173009	0	0.008630835621812475	0	0	0	0.006826206355433503	0.0061200470772852095	0.005963122793252256	0	0	0	0.006786975284425265	0	0.0061592781482934485	0.004276186739897999	0	0	0	0	0	0	0	0	0	0	0	0	0	0	0	0	0	0	0	0	0	0	0	0.00023538642604943114	0	0	0.0001569242840329541	0	0	0	0	0.0001569242840329541	0	0
220358	Por4_W4	20240421_MY_KN_Por4_West_bottom4_field_MetaB_ITS2_Q2181822EM_Q2181202GO_2411-cv-1378_R1.fastq.gz	41dc932dfb3eaef351ed41c84b4e32305e38b77ff9d0aee91a28c63569a167d2	20240421_MY_KN_Por4_West_bottom4_field_MetaB_ITS2_Q2181822EM_Q2181202GO_2411-cv-1378_R2.fastq.gz	21d4963681e1b6be71c21e01566e321325d0a5e4ca1b43d2ec22ded14ce2d4e0	1154	20250219T114321_schloma1	2.520084391676664	1.0357837256443139	0.018739916435692713	1.0357837256443139	0.018739916435692713	0.0	0.0	0.0	0.0	1.0	0.0007860009101063169	0	0	0.049104372647168326	0	0	0	0	0	0	coral tissue	Cnidaria	Hexacorallia	Scleractinia	Portidae	Porites	sp.	5.80516700	102.89116100	20240421	12	0	0.8651801596822901	0.008728746949075415	0.011417697431018078	0	0	0	0	0	0	0	0	0	0	0.007942746038969098	0	0	0	0	0	0	0	0.00479874239854383	0	0	0	0	0	0	0	0.015058122698878915	0.016878335332809333	0	0	0	0.011459065899971041	0	0	0	0.008604641542216523	0	0.009432010921275803	0	0	0	0.005502006370744219	0.00848053613535763	0.006825797377239069	0	0	0	0.007487692880486493	0	0.006122533405038679	0.005212427088073471	0	0	0	0	0	0	0	0	0	0	0	0	0	0	0	0	0	0	0	0	0	0	0	0.00020684234476482026	0	0	0	0.0004136846895296405	0	0	0.0002482108137177843	0	0	0
220363	Por5_W1	20240422_MY_BBr_Por5_West_top1_field_MetaB_ITS2_Q2181827ES_Q2181212GV_2411-cv-1383_R1.fastq.gz	cc1317b30c218cf8eeadef7ca1b24e27f163b57f9935e9ccd1d396c4bc446e1e	20240422_MY_BBr_Por5_West_top1_field_MetaB_ITS2_Q2181827ES_Q2181212GV_2411-cv-1383_R2.fastq.gz	ea889ef627d4dd4cb05809ad29a5e7492a12fd0798f7616c950e2626b234514e	1154	20250219T114321_schloma1	2.6305584281282317	1.0382626680455016	0.018459152016546018	1.0373836608066185	0.01840744570837642	0.0008790072388831437	5.170630816959669e-05	0.0	0.0	1.0	0.0008790072388831437	0	0	0.023112719751809722	0	0	0	0	0	0	coral tissue	Cnidaria	Hexacorallia	Scleractinia	Portidae	Porites	sp.	5.80202800	102.89525000	20240422	9.1	0	0.8579110651499483	0.007135470527404343	0.02001034126163392	0	0.006514994829369183	0.012926577042399173	0	0.018355739400206825	0	0	0.005274043433298862	0.010858324715615306	0	0	0	0	0	0	0	0.005532574974146846	0.004239917269906929	0	0	0.007083764219234747	0.007238883143743537	0	0	0	0.006153050672182006	0	0	0	0	0.010186142709410548	0	0	0	0.008996897621509825	0	0	0	0.0059462254395036196	0	0	0	0	0	0	0	0.00563598759048604	0	0	0	0	0	0	0	0	0	0	0	0	0	0	0	0	0	0	0	0	0	0	0	0	0	0	0	0	0	0	0	0	0	0	0	0	0	0
220359	Por5_E1	20240422_MY_BBr_Por5_East_top1_field_MetaB_ITS2_Q2181823EU_Q2181204G6_2411-cv-1379_R1.fastq.gz	302f55bab22655e26b836928d9f41888f7862572a2e525297ec0a2247e5c95c3	20240422_MY_BBr_Por5_East_top1_field_MetaB_ITS2_Q2181823EU_Q2181204G6_2411-cv-1379_R2.fastq.gz	7369798ba49bafef6d85f82063c11cda555b52d8f0aa83365871600aae40da3e	1154	20250219T114321_schloma1	2.5945730565406224	1.0529545363987727	0.01565924214049488	1.0511614934055864	0.015539705940949118	0.0016735067936406742	7.969079969717497e-05	0.00011953619954576244	3.9845399848587483e-05	1.0	0.0006375263975773997	0	0	0.02438538470733554	0	0	0	0	0	0	coral tissue	Cnidaria	Hexacorallia	Scleractinia	Portidae	Porites	sp.	5.80202800	102.89525000	20240422	9.1	0	0.8555604255488704	0.008407379368051958	0.01741243973383273	0	0.007849543770171734	0.012790373351396581	0	0.018727337928836116	0	0	0.006056500776985297	0.011674702155636131	0	0	0	0	0	0	0	0.0056978921783480095	0.00506036578077061	0	0	0.007570625971231621	0.007251862772442922	0	0	0	0	0	0	0	0	0.01091763955851297	0	0	0	0.010399649360481333	0	0	0	0.0065346455751683465	0	0	0	0	0	0	0	0.008088616169263258	0	0	0	0	0	0	0	0	0	0	0	0	0	0	0	0	0	0	0	0	0	0	0	0	0	0	0	0	0	0	0	0	0	0	0	0	0	0
220351	Por4_E1	20240421_MY_KN_Por4_East_top1_field_MetaB_ITS2_Q2181815E5_Q2181188GK_2411-cv-1371_R1.fastq.gz	f1b148066fcafd2e91444f318e85b4a56e24f7b721a677ff4a691cf76e822b63	20240421_MY_KN_Por4_East_top1_field_MetaB_ITS2_Q2181815E5_Q2181188GK_2411-cv-1371_R2.fastq.gz	4e4fbb4ae1c05e324dfd487da4a005d9d9cb71871763cf331ca7625ad5bd4447	1154	20250219T114321_schloma1	2.5895640576810868	1.0265483037426024	0.016462448945569724	1.0265483037426024	0.016462448945569724	0.0	0.0	0.0	0.0	1.0	0.0007918646328248729	0	0	0.05501375343835959	0	0	0	0	0	0	coral tissue	Cnidaria	Hexacorallia	Scleractinia	Portidae	Porites	sp.	5.80516700	102.89116100	20240421	10.6	0	0.8539634908727182	0.008460448445444694	0.011961323664249396	0	0	0	0	0	0	0	0	0	0	0.009460698507960323	0	0	0	0	0	0	0	0.004542802367258481	0	0	0.005334667000083354	0	0.010294240226723348	0	0	0.013211636242393932	0.01350337584396099	0	0	0	0.010919396515795616	0	0	0	0.009377344336084021	0	0.008002000500125032	0	0	0	0.008252063015753939	0.007001750437609402	0.006835042093856798	0	0	0	0.006376594148537134	0	0.00758522964074352	0.004709510711011086	0	0	0	0	0	0	0	0	0	0	0	0	0	0	0	0	0	0	0	0	0	0	0	0.00020838542969075602	0	0	0	0	0	0	0	0	0	0
220353	Por4_E3	20240421_MY_KN_Por4_East_middle3_field_MetaB_ITS2_Q2181817EL_Q2181192GD_2411-cv-1373_R1.fastq.gz	5c8454d3ce7725198b544a179c2912a419dc269daf3a9c75e0870b454dce21ed	20240421_MY_KN_Por4_East_middle3_field_MetaB_ITS2_Q2181817EL_Q2181192GD_2411-cv-1373_R2.fastq.gz	bbc2cfbafdfbf4bcab2a2ae71e3b7ae12b946d1221ef0ed6e5458f8c5e358612	1154	20250219T114321_schloma1	2.5141573277028857	1.025445292620865	0.017107898868496563	1.025445292620865	0.017107898868496563	0.0	0.0	0.0	0.0	1.0	0.0009203616479887391	0	0	0.05928211791456879	0	0	0	0	0	0	coral tissue	Cnidaria	Hexacorallia	Scleractinia	Portidae	Porites	sp.	5.80516700	102.89116100	20240421	11.6	0	0.8530669698446213	0.007958421309079098	0.011639867901034053	0	0	0	0	0	0	0	0	0	0	0.010448811650695685	0	0	0	0	0	0	0	0.00557630880840236	0	0	0	0	0.015213036652049159	0	0	0.014076119322180716	0.010881923014455092	0	0	0	0.011260895457744573	0	0	0	0.01012397812787613	0	0.01001570028693628	0	0	0	0.007796004547669319	0.0070921985815602835	0.00622597585404147	0	0	0	0.006713226138270803	0	0.007525309945319691	0.004385252558063992	0	0	0	0	0	0	0	0	0	0	0	0	0	0	0	0	0	0	0	0	0	0	0	0	0	0	0	0	0	0	0	0	0	0
220373	Por6_W3	20240423_MY_SBR_Por6_West_middle3_field_MetaB_ITS2_Q2181837E1_Q2181232GB_2411-cv-1393_R1.fastq.gz	e3a045accd1512a2ee5d01ecc2f5faf2787e99e4f087f7c83643d13f8768313d	20240423_MY_SBR_Por6_West_middle3_field_MetaB_ITS2_Q2181837E1_Q2181232GB_2411-cv-1393_R2.fastq.gz	f6af5fd9eae46e5ef2feaac27a64676c8bf7ba9cca8cf9689c94171598fb5cd6	1154	20250219T114321_schloma1	2.483064942919785	1.0366296212293038	0.01436455734482498	1.0366296212293038	0.01436455734482498	0.0	0.0	0.0	0.0	1.0	0.0004158161336659862	0	0	0.041014591366145006	0	0	0	0	0	0	coral tissue	Cnidaria	Hexacorallia	Scleractinia	Portidae	Porites	sp.	5.80202800	102.89525000	20240423	2.5	0	0.9112043547289634	0.020223784682845695	0	0	0	0	0	0	0	0	0.008656535873591895	0	0.012550086943373402	0	0	0	0	0.010055190141377485	0.008165116806532093	0	0	0.005103198004082559	0	0	0	0	0	0	0	0	0	0.006048234671505255	0.005934830271414531	0	0	0	0.007749300672866107	0	0	0	0	0	0	0	0	0	0	0	0	0	0	0.004309367203447494	0	0	0	0	0	0	0	0	0	0	0	0	0	0	0	0	0	0	0	0	0	0	0	0	0	0	0	0	0	0	0	0	0	0	0	0
220323	Por1_E1	20240418_MY_SBR_Por1_East_top1_field_MetaB_ITS2_Q2181787EU_Q2181132G5_2411-cv-1343_R1.fastq.gz	f23599c6f98aab9195d307fdf53853ed0cb5d4c471b63d5a84bd2e3b4956c010	20240418_MY_SBR_Por1_East_top1_field_MetaB_ITS2_Q2181787EU_Q2181132G5_2411-cv-1343_R2.fastq.gz	3f0fd2fc6688ddc7c2ddef3fb670f48df82c915bfd9ba0bb341240bd0200ecdc	1154	20250219T114321_schloma1	2.5133930272432843	1.039055058106306	0.015126690798247286	1.039055058106306	0.015126690798247286	0.0	0.0	0.0	0.0	1.0	0.0004953324442751	0	0	0.037569060773480656	0	0	0	0	0	0	coral tissue	Cnidaria	Hexacorallia	Scleractinia	Portidae	Porites	sp.	5.79425400	102.89149200	20240418	1.3	0	0.9055439131263098	0.022480472470946845	0	0	0	0	0	0	0	0	0.009487521432653839	0	0.013793103448275862	0	0	0	0	0.009373213945513431	0.008763574014097924	0	0	0.0049914269384644695	0	0	0	0	0	0	0	0	0	0.007163269194132215	0	0	0	0.0059439893313012	0.0065155267670032385	0	0	0	0	0	0	0	0	0	0	0	0	0	0	0.0056391693655934464	0	0	0	0	0	0	0	0	0	0	0	0	0	0	0	0	0	0	0	0	0	0	0	0	0	0	0.00015240998285387692	0.00015240998285387692	0	0	0	0	0	0	0	0
220370	Por6_E4	20240423_MY_SBR_Por6_East_bottom4_field_MetaB_ITS2_Q2181834EB_Q2181226G2_2411-cv-1390_R1.fastq.gz	f39c0fc371b4ec6f413bd15012d7192eea8d5dffd13bd1e9963d9c4ff966b3ca	20240423_MY_SBR_Por6_East_bottom4_field_MetaB_ITS2_Q2181834EB_Q2181226G2_2411-cv-1390_R2.fastq.gz	e0e254fa3e12879a1b3d6c6a8f2e0df89231b566bad193526eebbc64f325dafb	1154	20250219T114321_schloma1	2.5086338242762825	1.0372968511934992	0.013109446419502286	1.0372968511934992	0.013109446419502286	0.0	0.0	0.0	0.0	1.0	0.00034916201117318437	0	0	0.05094591163026918	0	0	0	0	0	0	coral tissue	Cnidaria	Hexacorallia	Scleractinia	Portidae	Porites	sp.	5.80202800	102.89525000	20240423	3.2	0	0.9019807008633824	0.02196546470289487	0	0	0	0	0	0	0	0	0.00952260030472321	0	0.013998222447943118	0	0	0	0	0.010284408329101066	0.00904647028948705	0	0	0	0	0	0	0	0	0	0	0	0	0.008125952260030472	0.006380142204164551	0	0	0	0.007459370238699848	0	0	0.006189690198070087	0	0	0	0	0	0	0	0	0	0	0	0.005046978161503301	0	0	0	0	0	0	0	0	0	0	0	0	0	0	0	0	0	0	0	0	0	0	0	0	0	0	0	0	0	0	0	0	0	0	0	0
220325	Por1_E3	20240418_MY_SBR_Por1_East_middle3_field_MetaB_ITS2_Q2181789EC_Q2181136G3_2411-cv-1345_R1.fastq.gz	41b5acd9d771668fc7ed17b2533b626647221c8ba3739c88e06be3896fe03ad4	20240418_MY_SBR_Por1_East_middle3_field_MetaB_ITS2_Q2181789EC_Q2181136G3_2411-cv-1345_R2.fastq.gz	d4583e83b3a52a4a3366a1a9c623b5ede0941090acec872fa3988b5bdf18d054	1154	20250219T114321_schloma1	2.522049954399694	1.0481892265599717	0.014945132535082816	1.0481892265599717	0.014945132535082816	0.0	0.0	0.0	0.0	1.0	0.0003530346268129799	0	0	0.04815980700773734	0	0	0	0	0	0	coral tissue	Cnidaria	Hexacorallia	Scleractinia	Portidae	Porites	sp.	5.79425400	102.89149200	20240418	2.4	0	0.9012974022535377	0.022417698802624224	0	0	0	0	0.008561089700214762	0	0	0	0.009208319849371892	0	0.012562148804095202	0	0	0	0	0.008943543879262158	0.007413727163072578	0	0	0	0	0	0	0	0	0	0	0	0	0.007413727163072578	0.006148686416992733	0	0	0.005619134476773264	0.0058839104468829985	0	0	0	0	0	0	0	0	0	0	0	0	0	0	0	0	0	0	0	0	0	0	0	0	0	0	0	0	0.004530611044099909	0	0	0	0	0	0	0	0	0	0	0	0	0	0	0	0	0	0	0	0	0	0
220372	Por6_W2	20240423_MY_SBR_Por6_West_middle2_field_MetaB_ITS2_Q2181836ER_Q2181230GT_2411-cv-1392_R1.fastq.gz	9f049218f239656a146c3b1f5c145d430a2704384eb41c45f3be210f7d756004	20240423_MY_SBR_Por6_West_middle2_field_MetaB_ITS2_Q2181836ER_Q2181230GT_2411-cv-1392_R2.fastq.gz	e7d8f44956966209b62976b19121cc08394aacfe8bf783f2d68bb431dcda878f	1154	20250219T114321_schloma1	2.5107104485629868	1.0414652162234757	0.014034380875637926	1.0412301907064196	0.014000805801772764	0.0	0.0	0.00023502551705613752	3.3575073865162504e-05	1.0	0.00043647596024711254	0	0	0.04962395917271018	0	0	0	0	0	0	coral tissue	Cnidaria	Hexacorallia	Scleractinia	Portidae	Porites	sp.	5.80202800	102.89525000	20240423	1.6	0	0.9025987107171636	0.022596024711254364	0	0	0	0	0.0058420628525382755	0	0	0	0.004801235562718238	0	0.01661966156325544	0	0	0	0	0.008595218909481601	0.009367445608380338	0	0	0.006077088369594413	0	0	0	0	0	0	0	0	0	0.008058017727639	0	0	0	0	0.005942788074133763	0	0	0	0	0	0	0	0	0	0	0	0	0	0	0.004935535858178888	0	0	0	0	0	0	0	0	0	0	0	0	0	0	0	0	0	0	0.004264034380875638	0	0	0	0	0	0	0	0	0	0.00030217566478646255	0	0	0	0	0	0	0
220369	Por6_E3	20240423_MY_SBR_Por6_East_middle3_field_MetaB_ITS2_Q2181833E3_Q2181224GK_2411-cv-1389_R1.fastq.gz	b59c0574fc9721d50aca276aaf9e8ce868da8f215baca5edaa98e0eb1402be1c	20240423_MY_SBR_Por6_East_middle3_field_MetaB_ITS2_Q2181833E3_Q2181224GK_2411-cv-1389_R2.fastq.gz	40d3049702caddcd14ab5cdb7dfd09763b6f3707a3ed2eded9278382d8ac63b1	1154	20250219T114321_schloma1	2.5557483229238955	1.046148507980569	0.014033464415143804	1.046148507980569	0.014033464415143804	0.0	0.0	0.0	0.0	1.0	0.0005011951576837073	0	0	0.05644228544991904	0	0	0	0	0	0	coral tissue	Cnidaria	Hexacorallia	Scleractinia	Portidae	Porites	sp.	5.80202800	102.89525000	20240423	2.1	0	0.8980260621481996	0.02220680083275503	0	0	0	0	0.00720949957591179	0	0	0	0.004742077261161231	0	0.01287686020510448	0	0	0	0	0.010447991364021898	0.009291387153982573	0	0	0	0	0	0	0	0	0	0	0	0	0.006207109260544375	0.006823964839232015	0	0	0.006823964839232015	0.005551700208188758	0	0	0.005474593260852803	0	0	0	0	0	0	0	0	0	0	0	0	0	0	0	0	0	0	0	0	0	0	0	0	0	0	0	0	0	0	0.004317989050813478	0	0	0	0	0	0	0	0	0	0	0	0	0	0	0	0	0
220374	Por6_W4	20240423_MY_SBR_Por6_West_bottom4_field_MetaB_ITS2_Q2181838E9_Q2181234GR_2411-cv-1394_R1.fastq.gz	8fdd4d4b5d09f17ed7086a96bba558526c2ca2cc73287ad4551f2d263c090a4a	20240423_MY_SBR_Por6_West_bottom4_field_MetaB_ITS2_Q2181838E9_Q2181234GR_2411-cv-1394_R2.fastq.gz	d0c605eb2ccffa458046297886c58af2e21013a050a061be5127c7a1b04af2bd	1154	20250219T114321_schloma1	2.4799984643734643	1.0391968673218672	0.014742014742014743	1.0391968673218672	0.014742014742014743	0.0	0.0	0.0	0.0	1.0	0.0005374692874692875	0	0	0.05286394348894349	0	0	0	0	0	0	coral tissue	Cnidaria	Hexacorallia	Scleractinia	Portidae	Porites	sp.	5.80202800	102.89525000	20240423	3.4	0	0.8909321253071253	0.02142199017199017	0	0	0	0	0.006756756756756757	0	0	0	0.008676289926289927	0	0.012860872235872236	0	0	0	0	0.008369164619164619	0.007601351351351352	0	0	0.005566646191646192	0	0	0	0	0	0	0	0	0	0.007946867321867323	0.006603194103194103	0	0	0.006718366093366093	0.005873771498771499	0	0	0.005796990171990172	0	0	0	0	0	0	0	0	0	0	0	0.004875614250614251	0	0	0	0	0	0	0	0	0	0	0	0	0	0	0	0	0	0	0	0	0	0	0	0	0	0	0	0	0	0	0	0	0	0	0	0
220368	Por6_E2	20240423_MY_SBR_Por6_East_middle2_field_MetaB_ITS2_Q2181832ET_Q2181222G4_2411-cv-1388_R1.fastq.gz	a607dd775fd3eb5b91100aff6858c7d920c00b5a01ddf777e0e04b7e850b016f	20240423_MY_SBR_Por6_East_middle2_field_MetaB_ITS2_Q2181832ET_Q2181222G4_2411-cv-1388_R2.fastq.gz	f4ccd120a00252d5d1d3d7135951f85d7400ba036d4f5979deca915f5d0adf62	1154	20250219T114321_schloma1	2.5940807799442895	1.0517061281337048	0.01472841225626741	1.0517061281337048	0.01472841225626741	0.0	0.0	0.0	0.0	1.0	0.0004874651810584958	0	0	0.052785515320334264	0	0	0	0	0	0	coral tissue	Cnidaria	Hexacorallia	Scleractinia	Portidae	Porites	sp.	5.80202800	102.89525000	20240423	1.7	0	0.8885445682451254	0.02116991643454039	0	0	0	0	0.006824512534818941	0	0	0	0.00846100278551532	0	0.012186629526462395	0	0	0	0	0.011733983286908079	0.008704735376044569	0	0	0.005466573816155989	0	0	0	0	0	0	0	0	0	0.007033426183844011	0.006998607242339833	0	0	0.006302228412256267	0.005814763231197772	0	0	0.006337047353760446	0	0	0	0	0	0	0	0	0	0	0	0	0	0	0	0	0	0.004422005571030641	0	0	0	0	0	0	0	0	0	0	0	0	0	0	0	0	0	0	0	0	0	0	0	0	0	0	0	0	0	0
220367	Por6_E1	20240423_MY_SBR_Por6_East_top1_field_MetaB_ITS2_Q2181831EL_Q2181220GM_2411-cv-1387_R1.fastq.gz	85bd7b6aa4376952243f33883125bc617af91ea369aac295b22fe7ee07647a52	20240423_MY_SBR_Por6_East_top1_field_MetaB_ITS2_Q2181831EL_Q2181220GM_2411-cv-1387_R2.fastq.gz	2d471b55825aca5c12d4a7c477079b2074634a6a27b9188403fcddd7450b8b1d	1154	20250219T114321_schloma1	2.6198479697467434	1.062149050765881	0.015776003667061386	1.062149050765881	0.015776003667061386	0.0	0.0	0.0	0.0	1.0	0.0004965812292295352	0	0	0.052293823293479515	0	0	0	0	0	0	coral tissue	Cnidaria	Hexacorallia	Scleractinia	Portidae	Porites	sp.	5.80202800	102.89525000	20240423	1.5	0	0.9021734978417816	0.02838152717827266	0	0	0	0	0	0	0	0	0	0	0.01214714083807632	0	0	0	0	0.0069903357653080716	0.011001184155238932	0	0	0.0051186065166736695	0	0	0	0	0	0	0	0	0	0	0.0077543068871996634	0	0	0.006302761755605638	0	0	0	0.008862065013942473	0	0	0	0	0	0	0	0	0	0	0	0	0	0	0	0	0	0.005309599297146568	0	0	0	0	0	0	0.005538790633714046	0	0	0	0	0	0	0	0	0	0	0	0	0	0	0.0002673898926620574	0	0.0001527942243783185	0	0	0	0	0	0
220329	Por1_W3	20240418_MY_SBR_Por1_West_middle3_field_MetaB_ITS2_Q2181793E5_Q2181144GS_2411-cv-1349_R1.fastq.gz	d91cd165cd11098be2a41803bb4018f5702d43c4d56b499ba0b63d16f255329a	20240418_MY_SBR_Por1_West_middle3_field_MetaB_ITS2_Q2181793E5_Q2181144GS_2411-cv-1349_R2.fastq.gz	df18f9e93782d888b928ce319ab1470b8d053eb5b975433457a6ed8c22ba00a9	1154	20250219T114321_schloma1	2.57513397642015	1.0539764201500537	0.015605573419078242	1.0539764201500537	0.015605573419078242	0.0	0.0	0.0	0.0	1.0	0.0005144694533762058	0	0	0.05581993569131832	0	0	0	0	0	0	coral tissue	Cnidaria	Hexacorallia	Scleractinia	Portidae	Porites	sp.	5.79425400	102.89149200	20240418	2	0	0.8983494105037514	0.029239013933547695	0	0	0	0	0.006430868167202572	0	0	0	0	0	0.012175777063236871	0	0	0	0	0.006730975348338692	0.011018220793140408	0	0	0.004973204715969989	0	0	0	0	0	0	0	0	0	0	0.00677384780278671	0	0	0.006302250803858521	0	0	0	0.008403001071811361	0	0	0	0	0	0	0	0	0	0	0	0	0	0	0	0	0	0.005316184351554127	0	0	0	0	0	0	0.004287245444801715	0	0	0	0	0	0	0	0	0	0	0	0	0	0	0	0	0	0	0	0	0	0	0
220330	Por1_W4	20240418_MY_SBR_Por1_West_bottom4_field_MetaB_ITS2_Q2181794ED_Q2181146GA_2411-cv-1350_R1.fastq.gz	7c834c76355dd0924fc866fb7516c3937c3fa4f651980f0b3e3cf89839096b32	20240418_MY_SBR_Por1_West_bottom4_field_MetaB_ITS2_Q2181794ED_Q2181146GA_2411-cv-1350_R2.fastq.gz	53b16f81890107333b52cd2ea8666e06269b24fadd2ee7bf7cb9df0702f94874	1154	20250219T114321_schloma1	2.515691646149045	1.0444220966119915	0.014738010195235287	1.0444220966119915	0.014738010195235287	0.0	0.0	0.0	0.0	1.0	0.0004508097236189618	0	0	0.05319554738703749	0	0	0	0	0	0	coral tissue	Cnidaria	Hexacorallia	Scleractinia	Portidae	Porites	sp.	5.79425400	102.89149200	20240418	3.1	0	0.9008218608038284	0.020667891944377015	0	0	0	0	0.005721815722856053	0	0	0	0	0	0.014460588826854389	0	0	0	0	0.00922426049866491	0.006935534209522488	0	0	0.005271005999237091	0	0	0	0	0	0	0	0	0	0.008045219683046086	0.006900856538474876	0	0	0.005791171064951278	0.006207303117522627	0	0	0.005236328328189479	0	0	0	0	0	0	0	0	0	0	0	0.004716163262475292	0	0	0	0	0	0	0	0	0	0	0	0	0	0	0	0	0	0	0	0	0	0	0	0	0	0	0	0	0	0	0	0	0	0	0	0
220324	Por1_E2	20240418_MY_SBR_Por1_East_middle2_field_MetaB_ITS2_Q2181788E4_Q2181134GL_2411-cv-1344_R1.fastq.gz	f7cd3c84b4cd7d2c76246d2ab7e572240cb9edbd7690cb84d3bddddb1c6fba6f	20240418_MY_SBR_Por1_East_middle2_field_MetaB_ITS2_Q2181788E4_Q2181134GL_2411-cv-1344_R2.fastq.gz	78ae1192643c4aa4b3e721ef255f3d95a717719bfed8ce8e821f0f091f42924b	1154	20250219T114321_schloma1	2.523643562147995	1.0450565995650476	0.014637818546813139	1.0450565995650476	0.014637818546813139	0.0	0.0	0.0	0.0	1.0	0.0004182233870518039	0	0	0.0552612502091117	0	0	0	0	0	0	coral tissue	Cnidaria	Hexacorallia	Scleractinia	Portidae	Porites	sp.	5.79425400	102.89149200	20240418	1.6	0	0.9005185969999442	0.02052082752467518	0	0	0	0	0.006775218870239224	0	0	0	0	0	0.012769754084648413	0	0	0	0	0.011152623654714772	0.007500139407795684	0	0	0.004935035967211287	0	0	0	0	0	0	0	0	0	0.006914626665923159	0.0068309819885127975	0	0	0.005241733117715943	0.006329113924050633	0	0	0.005102325322032008	0	0	0	0	0	0	0	0	0	0	0	0.005130206881168795	0	0	0	0	0	0	0	0	0	0	0	0	0	0	0	0	0	0	0	0	0	0	0	0	0	0.00016728935482072157	0	0	0	0	0	0	0	0	0.00011152623654714772	0
220328	Por1_W2	20240418_MY_SBR_Por1_West_middle2_field_MetaB_ITS2_Q2181792EV_Q2181142GC_2411-cv-1348_R1.fastq.gz	05c5ceded3b7ca5b6781df39c77589f523714665cd6db166cdfa7e6561a1fb08	20240418_MY_SBR_Por1_West_middle2_field_MetaB_ITS2_Q2181792EV_Q2181142GC_2411-cv-1348_R2.fastq.gz	722769beba4133a1f79e3d41017237ddf11d44eeebaa84f1049dcbf0eb8a40e4	1154	20250219T114321_schloma1	2.545939860546194	1.049535153980244	0.015216443927948867	1.049535153980244	0.015216443927948867	0.0	0.0	0.0	0.0	1.0	0.0005084253341080767	0	0	0.05559994189424753	0	0	0	0	0	0	coral tissue	Cnidaria	Hexacorallia	Scleractinia	Portidae	Porites	sp.	5.79425400	102.89149200	20240418	1.6	0	0.8965354445090064	0.022007553747821033	0	0	0	0	0.005992155723416618	0	0	0	0	0	0.012165891923300406	0	0	0	0	0.009006391632771645	0.009914294015107496	0	0	0.004866356769320163	0	0	0	0	0	0	0	0	0	0.00824375363160953	0.007045322486926206	0	0	0.006064787914003486	0.0063553166763509585	0	0	0.006282684485764091	0	0	0	0	0	0	0	0	0	0	0	0	0	0	0	0	0	0	0	0	0	0	0	0	0	0.005193201626961069	0	0	0	0	0	0	0	0	0	0	0	0.00032684485764090644	0	0	0	0	0	0	0	0	0	0
220326	Por1_E4	20240418_MY_SBR_Por1_East_bottom4_field_MetaB_ITS2_Q2181790EF_Q2181138GJ_2411-cv-1346_R1.fastq.gz	a1f5f9f193cfb95df12fc791ea57be62e9139c94df290955e25f153336a61503	20240418_MY_SBR_Por1_East_bottom4_field_MetaB_ITS2_Q2181790EF_Q2181138GJ_2411-cv-1346_R2.fastq.gz	5717a8828d03a7db83ae8b74bcad43cb9faa64fabbe4c1ec2c448b30efc9d123	1154	20250219T114321_schloma1	2.7325166926050506	1.0432250614990712	0.0180731964456047	1.0432250614990712	0.0180731964456047	0.0	0.0	0.0	0.0	1.0	0.0006526432049801697	0	0	0.05773382197901501	0	0	0	0	0	0	coral tissue	Cnidaria	Hexacorallia	Scleractinia	Portidae	Porites	sp.	5.79425400	102.89149200	20240418	3.4	0	0.8965309503489131	0.019830312766705157	0	0	0	0	0.006677042020181736	0	0	0	0	0	0.011446357748882975	0	0	0	0	0.009388021487022441	0.007932125106682062	0	0	0.005773382197901501	0	0	0	0	0.011747577689643055	0	0	0	0	0.006677042020181736	0.005974195491741554	0	0	0.007279481901701893	0.006175008785581606	0	0	0	0	0	0	0	0	0	0	0	0	0	0	0.004568502434861188	0	0	0	0	0	0	0	0	0	0	0	0	0	0	0	0	0	0	0	0	0	0	0	0	0	0	0	0	0	0	0	0	0	0	0	0
220327	Por1_W1	20240418_MY_SBR_Por1_West_top1_field_MetaB_ITS2_Q2181791EN_Q2181140GU_2411-cv-1347_R1.fastq.gz	0e5698d25091b54f5b166931f107bfeedd5f5ee0c17dd5152a5d2d12d1c0dec4	20240418_MY_SBR_Por1_West_top1_field_MetaB_ITS2_Q2181791EN_Q2181140GU_2411-cv-1347_R2.fastq.gz	39f341712f7896d9be76aa54c5c2de4726ede2f142e914b42b0c3b7c0b860521	1154	20250219T114321_schloma1	2.5462932180851063	1.055186170212766	0.015375664893617021	1.055186170212766	0.015375664893617021	0.0	0.0	0.0	0.0	1.0	0.0004155585106382979	0	0	0.05651595744680851	0	0	0	0	0	0	coral tissue	Cnidaria	Hexacorallia	Scleractinia	Portidae	Porites	sp.	5.79425400	102.89149200	20240418	1.3	0	0.888353280141844	0.027454565602836878	0	0	0	0	0.005457668439716312	0	0	0	0	0	0.01163563829787234	0	0	0	0	0.008394281914893617	0.012411347517730497	0	0	0.004986702127659575	0	0	0	0	0	0	0	0	0	0.006067154255319149	0.006122562056737588	0	0	0.006261081560283688	0.005263741134751773	0	0	0.008228058510638297	0	0	0	0	0	0	0	0	0	0	0	0	0	0	0	0	0	0.004986702127659575	0	0	0	0	0	0	0.004266400709219858	0	0	0	0	0	0	0	0	0	0	0	0	0	0	0	0	0	0	0	0	0	0	0.00011081560283687943
220371	Por6_W1	20240423_MY_SBR_Por6_West_top1_field_MetaB_ITS2_Q2181835EJ_Q2181228GI_2411-cv-1391_R1.fastq.gz	3ace05165ce9fdff65057538c0369cab8cf0a59bb1687d82df442b46ceb0653f	20240423_MY_SBR_Por6_West_top1_field_MetaB_ITS2_Q2181835EJ_Q2181228GI_2411-cv-1391_R2.fastq.gz	d3109a3575fdf5f61d78dbc3296dc15ac86bcd988aeac07368deb5756482aa6e	1154	20250219T114321_schloma1	2.5630638155696626	1.0446876044102906	0.014116271299699298	1.0446876044102906	0.014116271299699298	0.0	0.0	0.0	0.0	1.0	0.0005846976277981958	0	0	0.05951386568660208	0	0	0	0	0	0	coral tissue	Cnidaria	Hexacorallia	Scleractinia	Portidae	Porites	sp.	5.80202800	102.89525000	20240423	1.5	0	0.8883645172068159	0.027146675576344804	0	0	0	0	0.005262278650183762	0	0	0	0	0	0.010148680253925827	0	0	0	0	0.008060474440360841	0.010942198463080522	0	0	0.005220514533912463	0	0	0	0	0	0	0	0	0	0.00684931506849315	0.007225192114934848	0	0	0.0070163715335783495	0	0	0	0.007893417975275643	0	0	0	0	0	0	0	0	0	0	0	0.004594052789842967	0	0	0	0	0	0.005888740394253258	0	0	0	0	0	0	0.005387570998997661	0	0	0	0	0	0	0	0	0	0	0	0	0	0	0	0	0	0	0	0	0	0	0
220348	Por3_W2	20240420_MY_BB_Por3_West_middle2_field_MetaB_ITS2_Q2181812EF_Q2181182G6_2411-cv-1368_R1.fastq.gz	a402017cc0122beaa69eab749fc23bb4bdb5e7ffce3521d91b62d96cb835b38e	20240420_MY_BB_Por3_West_middle2_field_MetaB_ITS2_Q2181812EF_Q2181182G6_2411-cv-1368_R2.fastq.gz	f000db0d2d8c229e0dd9752a6d630a3b6904d5d6a935c1458f0fc330ee325ff6	1154	20250219T114321_schloma1	2.762338919166709	1.0415626750878624	0.018387408954311617	1.040340243467631	0.01833647430346865	0.0012224316202312433	5.093465084296847e-05	0.0	0.0	1.0	0.000865889064330464	0	0	0.019253298018642083	0	0	0	0	0	0	coral tissue	Cnidaria	Hexacorallia	Scleractinia	Portidae	Porites	sp.	5.79654900	102.90168900	20240420	5.9	0	0.8493353028064993	0	0.021698161259104568	0	0.010390668771965568	0.013752355727601487	0	0.016604696174807723	0	0	0.006723373911271838	0.011765904344725717	0	0.005297203687668721	0	0	0	0	0	0.005399072989354658	0.005500942291040595	0.005500942291040595	0	0.005704680894412469	0	0	0	0	0.006366831355371059	0	0	0	0	0.009626649009321041	0	0	0	0.013243009219171802	0	0	0	0	0	0	0	0	0	0	0	0.007843936229817144	0	0	0	0	0	0	0	0	0	0	0	0	0	0	0	0	0	0	0	0	0	0.005246269036825753	0	0	0	0	0	0	0	0	0	0	0	0	0	0	0	0
220364	Por5_W2	20240422_MY_BBr_Por5_West_middle2_field_MetaB_ITS2_Q2181828E2_Q2181214GD_2411-cv-1384_R1.fastq.gz	90b6666a9e9c8a66faaddbeefa883b921a59fa4030206577579bdd5ba5c8efe0	20240422_MY_BBr_Por5_West_middle2_field_MetaB_ITS2_Q2181828E2_Q2181214GD_2411-cv-1384_R2.fastq.gz	3fe69d2a7b9398916bc69b6d611e3169e6b445da02d07619e60d56aa9581433e	1154	20250219T114321_schloma1	2.539614312267658	1.0393045229244113	0.016999690210656754	1.0381428128872368	0.016922242874845107	0.001045539033457249	3.872366790582404e-05	0.00011617100371747211	3.872366790582404e-05	1.0	0.0007357496902106567	0	0	0.028345724907063198	0	0	0	0	0	0	coral tissue	Cnidaria	Hexacorallia	Scleractinia	Portidae	Porites	sp.	5.80202800	102.89525000	20240422	9.5	0	0.8463444857496902	0.0070864312267657995	0.017503097893432466	0	0.008093246592317225	0.012856257744733582	0	0.01638011152416357	0	0	0.006118339529120199	0.011384758364312268	0	0	0	0	0	0	0	0.004917905824039653	0.004298327137546468	0	0	0.007706009913258984	0.005498760842627013	0	0	0	0.005769826517967782	0	0	0	0	0.011578376703841388	0	0	0	0.009216232961586121	0	0	0	0.006466852540272614	0	0	0	0	0	0.006311957868649318	0	0.007744733581164808	0	0	0	0	0	0	0	0	0	0	0	0	0	0	0	0	0	0	0	0	0	0	0	0	0.004724287484510533	0	0	0	0	0	0	0	0	0	0	0	0	0
220347	Por3_W1	20240420_MY_BB_Por3_West_top1_field_MetaB_ITS2_Q2181811E7_Q2181180GO_2411-cv-1367_R1.fastq.gz	80db6390c642e79eb4ff3084687fadcfb3748e7ad43f4e2539b03afe731ceb7d	20240420_MY_BB_Por3_West_top1_field_MetaB_ITS2_Q2181811E7_Q2181180GO_2411-cv-1367_R2.fastq.gz	b11ec3d4a964d511b0c4b3b01de034c6e77fe8718724fce363d351df81d975fc	1154	20250219T114321_schloma1	2.542882367779366	1.0267804590935845	0.01610190868578155	1.0265282098713528	0.016059867148742957	0.00025224922223156476	4.204153703859413e-05	0.0	0.0	1.0	0.0007567476666946943	0	0	0.04481627848314134	0	0	0	0	0	0	coral tissue	Cnidaria	Hexacorallia	Scleractinia	Portidae	Porites	sp.	5.79654900	102.90168900	20240420	5.4	0	0.8450769360127807	0	0.011561422685613386	0.018876650130328763	0.010636508870764316	0.004078029092743631	0.016522324056167492	0.007693601278062726	0.007567476666946944	0.017951736315479694	0	0.004330278314975195	0	0	0.0164802825191289	0	0.005002942907592701	0	0	0	0	0.005129067518708484	0	0	0	0.010005885815185403	0.009711595055915245	0	0	0	0	0	0	0	0	0	0	0.004624569074245354	0	0	0	0	0	0	0	0	0	0	0	0	0	0	0	0	0	0	0	0	0	0	0.004498444463129572	0	0	0	0	0	0	0	0	0	0	0	0	0	0	0	0	0	0	0	0	0	0	0.00025224922223156476	0	0	0	0
seq_accession																																							883	517	4073	1574	10874	523	16589	10255	593	5364	4687	769	28867	67579	5367	22480	632	17200	3075641	69713	521	54734	511511	10257	360966	14272	139454	13451	19804	10953	4696	7149	2029	4548	31106	604	596	631	522	1147	38402	4712	4686	139579	14683	10892	23167	1132	19055	154454	10957	14393	16193	139827	3089325	20702	529	54723	611	634	22771	4284019	22620	22917	17354	21431	151947	3085819	536	35695	54722	350908	673	3890	775	5144099	14049	564	853	53637	855	62628	933	5144098	61738	3297	947	854	1732
